-4.050 -2.340
-4.050 -0.780
-4.050  0.780
-4.050  2.340
-2.700 -3.120
-2.700 -1.560
-2.700  0.000
-2.700  1.560
-2.700  3.120
-1.350 -3.900
-1.350 -2.340
-1.350 -0.780
-1.350  0.780
-1.350  2.340
-1.350  3.900
 0.000 -4.680
 0.000 -3.120
 0.000 -1.560
 0.000  1.560
 0.000  3.120
 0.000  4.680
 1.350 -3.900
 1.350 -2.340
 1.350 -0.780
 1.350  0.780
 1.350  2.340
 1.350  3.900
 2.700 -3.120
 2.700 -1.560
 2.700  0.000
 2.700  1.560
 2.700  3.120
 4.050 -2.340
 4.050 -0.780
 4.050  0.780
 4.050  2.340
