-4.050 -2.340
-4.050 -0.780
-4.050  0.780
-4.050  2.340
-2.700 -3.120
-2.700 -1.560
-2.700  1.560
-2.700  3.120
-1.350 -3.900
-1.350 -0.780
-1.350  0.780
-1.350  3.900
 0.000 -4.680
 0.000 -3.120
 0.000 -1.560
 0.000  1.560
 0.000  3.120
 0.000  4.680
 1.350 -3.900
 1.350 -0.780
 1.350  0.780
 1.350  3.900
 2.700 -3.120
 2.700 -1.560
 2.700  1.560
 2.700  3.120
 4.050 -2.340
 4.050 -0.780
 4.050  0.780
 4.050  2.340
 1.800  0.779
 1.575  1.169
 1.125  1.169
 0.900  0.779
 1.125  0.390
 1.575  0.390
 0.450  1.559
 0.225  1.949
-0.225  1.949
-0.450  1.559
-0.225  1.169
 0.225  1.169
-0.900  0.779
-1.125  1.169
-1.575  1.169
-1.800  0.779
-1.575  0.390
-1.125  0.390
-0.900 -0.779
-1.125 -0.390
-1.575 -0.390
-1.800 -0.779
-1.575 -1.169
-1.125 -1.169
 0.450 -1.559
 0.225 -1.169
-0.225 -1.169
-0.450 -1.559
-0.225 -1.949
 0.225 -1.949
 1.800 -0.779
 1.575 -0.390
 1.125 -0.390
 0.900 -0.779
 1.125 -1.169
 1.575 -1.169
 3.150  1.559
 2.925  1.949
 2.475  1.949
 2.250  1.559
 2.475  1.169
 2.925  1.169
 0.450  3.118
 0.225  3.507
-0.225  3.507
-0.450  3.118
-0.225  2.728
 0.225  2.728
-2.250  1.559
-2.475  1.949
-2.925  1.949
-3.150  1.559
-2.925  1.169
-2.475  1.169
-2.250 -1.559
-2.475 -1.169
-2.925 -1.169
-3.150 -1.559
-2.925 -1.949
-2.475 -1.949
 0.450 -3.118
 0.225 -2.728
-0.225 -2.728
-0.450 -3.118
-0.225 -3.507
 0.225 -3.507
 3.150 -1.559
 2.925 -1.169
 2.475 -1.169
 2.250 -1.559
 2.475 -1.949
 2.925 -1.949
 2.925  0.390
 2.475  0.390
 2.475 -0.390
 2.925 -0.390
 1.800  2.338
 1.125  2.728
 0.900  2.338
 1.575  1.949
-0.900  2.338
-1.125  2.728
-1.800  2.338
-1.575  1.949
-2.475  0.390
-2.925  0.390
-2.925 -0.390
-2.475 -0.390
-0.900 -2.338
-1.575 -1.949
-1.800 -2.338
-1.125 -2.728
 1.800 -2.338
 1.575 -1.949
 0.900 -2.338
 1.125 -2.728
 4.500  2.338
 4.275  2.728
 3.825  2.728
 3.600  2.338
 3.825  1.949
 4.275  1.949
 0.450  4.677
 0.225  5.066
-0.225  5.066
-0.450  4.677
-0.225  4.287
 0.225  4.287
-3.600  2.338
-3.825  2.728
-4.275  2.728
-4.500  2.338
-4.275  1.949
-3.825  1.949
-3.600 -2.338
-3.825 -1.949
-4.275 -1.949
-4.500 -2.338
-4.275 -2.728
-3.825 -2.728
 0.450 -4.677
 0.225 -4.287
-0.225 -4.287
-0.450 -4.677
-0.225 -5.066
 0.225 -5.066
 4.500 -2.338
 4.275 -1.949
 3.825 -1.949
 3.600 -2.338
 3.825 -2.728
 4.275 -2.728
 3.150  3.118
 2.925  3.507
 2.475  3.507
 2.250  3.118
 2.475  2.728
 2.925  2.728
-0.900  3.897
-1.125  4.287
-1.575  4.287
-1.800  3.897
-1.575  3.507
-1.125  3.507
-3.600  0.779
-3.825  1.169
-4.275  1.169
-4.500  0.779
-4.275  0.390
-3.825  0.390
-2.250 -3.118
-2.475 -2.728
-2.925 -2.728
-3.150 -3.118
-2.925 -3.507
-2.475 -3.507
 1.800 -3.897
 1.575 -3.507
 1.125 -3.507
 0.900 -3.897
 1.125 -4.287
 1.575 -4.287
 4.500 -0.779
 4.275 -0.390
 3.825 -0.390
 3.600 -0.779
 3.825 -1.169
 4.275 -1.169
 3.150 -3.118
 2.925 -2.728
 2.475 -2.728
 2.250 -3.118
 2.475 -3.507
 2.925 -3.507
-0.900 -3.897
-1.125 -3.507
-1.575 -3.507
-1.800 -3.897
-1.575 -4.287
-1.125 -4.287
-3.600 -0.779
-3.825 -0.390
-4.275 -0.390
-4.500 -0.779
-4.275 -1.169
-3.825 -1.169
-2.250  3.118
-2.475  3.507
-2.925  3.507
-3.150  3.118
-2.925  2.728
-2.475  2.728
 1.800  3.897
 1.575  4.287
 1.125  4.287
 0.900  3.897
 1.125  3.507
 1.575  3.507
 4.500  0.779
 4.275  1.169
 3.825  1.169
 3.600  0.779
 3.825  0.390
 4.275  0.390
