-3.600 -2.340
-4.275 -1.950
-4.275 -2.730
-3.600 -0.780
-4.275 -0.390
-4.275 -1.170
-3.600  0.780
-4.275  1.170
-4.275  0.390
-3.600  2.340
-4.275  2.730
-4.275  1.950
-2.250 -3.120
-2.925 -2.730
-2.925 -3.510
-2.250 -1.560
-2.925 -1.170
-2.925 -1.950
-2.925  0.390
-2.925 -0.390
-2.250  1.560
-2.925  1.950
-2.925  1.170
-2.250  3.120
-2.925  3.510
-2.925  2.730
-0.900 -3.900
-1.575 -3.510
-1.575 -4.290
-0.900 -2.340
-1.575 -1.950
-0.900 -0.780
-1.575 -0.390
-1.575 -1.170
-0.900  0.780
-1.575  1.170
-1.575  0.390
-0.900  2.340
-1.575  1.950
-0.900  3.900
-1.575  4.290
-1.575  3.510
 0.450 -4.680
-0.225 -4.290
-0.225 -5.070
 0.450 -3.120
-0.225 -2.730
-0.225 -3.510
 0.450 -1.560
-0.225 -1.170
-0.225 -1.950
 0.450  1.560
-0.225  1.950
-0.225  1.170
 0.450  3.120
-0.225  3.510
-0.225  2.730
 0.450  4.680
-0.225  5.070
-0.225  4.290
 1.800 -3.900
 1.125 -3.510
 1.125 -4.290
 1.800 -2.340
 1.125 -2.730
 1.800 -0.780
 1.125 -0.390
 1.125 -1.170
 1.800  0.780
 1.125  1.170
 1.125  0.390
 1.800  2.340
 1.125  2.730
 1.800  3.900
 1.125  4.290
 1.125  3.510
 3.150 -3.120
 2.475 -2.730
 2.475 -3.510
 3.150 -1.560
 2.475 -1.170
 2.475 -1.950
 2.475  0.390
 2.475 -0.390
 3.150  1.560
 2.475  1.950
 2.475  1.170
 3.150  3.120
 2.475  3.510
 2.475  2.730
 4.500 -2.340
 3.825 -1.950
 3.825 -2.730
 4.500 -0.780
 3.825 -0.390
 3.825 -1.170
 4.500  0.780
 3.825  1.170
 3.825  0.390
 4.500  2.340
 3.825  2.730
 3.825  1.950
