-4.950 -2.338
-4.950 -0.779
-4.950  0.779
-4.950  2.338
-4.725 -2.728
-4.725 -1.949
-4.725 -1.169
-4.725 -0.390
-4.725  0.390
-4.725  1.169
-4.725  1.949
-4.725  2.728
-4.500 -3.118
-4.500 -2.338
-4.500 -1.559
-4.500 -0.779
-4.500  0.779
-4.500  1.559
-4.500  2.338
-4.500  3.118
-4.275 -2.728
-4.275 -1.949
-4.275 -1.169
-4.275 -0.390
-4.275  0.390
-4.275  1.169
-4.275  1.949
-4.275  2.728
-4.050 -3.118
-4.050 -2.338
-4.050 -1.559
-4.050 -0.779
-4.050  0.779
-4.050  1.559
-4.050  2.338
-4.050  3.118
-3.825 -2.728
-3.825 -1.949
-3.825 -1.169
-3.825 -0.390
-3.825  0.390
-3.825  1.169
-3.825  1.949
-3.825  2.728
-3.600 -3.118
-3.600 -2.338
-3.600 -1.559
-3.600 -0.779
-3.600  0.779
-3.600  1.559
-3.600  2.338
-3.600  3.118
-3.375 -3.507
-3.375 -2.728
-3.375 -1.949
-3.375 -1.169
-3.375 -0.390
-3.375  0.390
-3.375  1.169
-3.375  1.949
-3.375  2.728
-3.375  3.507
-3.150 -3.897
-3.150 -3.118
-3.150 -2.338
-3.150 -1.559
-3.150 -0.779
-3.150  0.779
-3.150  1.559
-3.150  2.338
-3.150  3.118
-3.150  3.897
-2.925 -3.507
-2.925 -2.728
-2.925 -1.949
-2.925 -1.169
-2.925 -0.390
-2.925  0.390
-2.925  1.169
-2.925  1.949
-2.925  2.728
-2.925  3.507
-2.700 -3.897
-2.700 -3.118
-2.700 -2.338
-2.700 -1.559
-2.700 -0.779
-2.700  0.779
-2.700  1.559
-2.700  2.338
-2.700  3.118
-2.700  3.897
-2.475 -3.507
-2.475 -2.728
-2.475 -1.949
-2.475 -1.169
-2.475 -0.390
-2.475  0.390
-2.475  1.169
-2.475  1.949
-2.475  2.728
-2.475  3.507
-2.250 -3.118
-2.250 -2.338
-2.250 -1.559
-2.250 -0.779
-2.250  0.779
-2.250  1.559
-2.250  2.338
-2.250  3.118
-2.025 -4.287
-2.025 -2.728
-2.025 -1.949
-2.025 -1.169
-2.025 -0.390
-2.025  0.390
-2.025  1.169
-2.025  1.949
-2.025  2.728
-2.025  4.287
-1.800 -4.676
-1.800 -3.897
-1.800 -2.338
-1.800 -1.559
-1.800 -0.779
-1.800  0.779
-1.800  1.559
-1.800  2.338
-1.800  3.897
-1.800  4.676
-1.575 -4.287
-1.575 -3.507
-1.575 -1.949
-1.575 -1.169
-1.575 -0.390
-1.575  0.390
-1.575  1.169
-1.575  1.949
-1.575  3.507
-1.575  4.287
-1.350 -4.676
-1.350 -3.897
-1.350 -3.118
-1.350 -1.559
-1.350 -0.779
-1.350  0.779
-1.350  1.559
-1.350  3.118
-1.350  3.897
-1.350  4.676
-1.125 -4.287
-1.125 -3.507
-1.125 -2.728
-1.125 -1.169
-1.125 -0.390
-1.125  0.390
-1.125  1.169
-1.125  2.728
-1.125  3.507
-1.125  4.287
-0.900 -4.676
-0.900 -3.897
-0.900 -3.118
-0.900 -2.338
-0.900 -0.779
-0.900  0.779
-0.900  2.338
-0.900  3.118
-0.900  3.897
-0.900  4.676
-0.675 -5.066
-0.675 -4.287
-0.675 -3.507
-0.675 -2.728
-0.675 -1.949
-0.675 -0.390
-0.675  0.390
-0.675  1.949
-0.675  2.728
-0.675  3.507
-0.675  4.287
-0.675  5.066
-0.450 -5.456
-0.450 -4.676
-0.450 -3.897
-0.450 -3.118
-0.450 -2.338
-0.450 -1.559
-0.450  1.559
-0.450  2.338
-0.450  3.118
-0.450  3.897
-0.450  4.676
-0.450  5.456
-0.225 -5.066
-0.225 -4.287
-0.225 -3.507
-0.225 -2.728
-0.225 -1.949
-0.225 -1.169
-0.225  1.169
-0.225  1.949
-0.225  2.728
-0.225  3.507
-0.225  4.287
-0.225  5.066
 0.000 -5.456
 0.000 -4.676
 0.000 -3.897
 0.000 -3.118
 0.000 -2.338
 0.000 -1.559
 0.000 -0.779
 0.000  0.779
 0.000  1.559
 0.000  2.338
 0.000  3.118
 0.000  3.897
 0.000  4.676
 0.000  5.456
 0.225 -5.066
 0.225 -4.287
 0.225 -3.507
 0.225 -2.728
 0.225 -1.949
 0.225 -1.169
 0.225  1.169
 0.225  1.949
 0.225  2.728
 0.225  3.507
 0.225  4.287
 0.225  5.066
 0.450 -5.456
 0.450 -4.676
 0.450 -3.897
 0.450 -3.118
 0.450 -2.338
 0.450 -1.559
 0.450  1.559
 0.450  2.338
 0.450  3.118
 0.450  3.897
 0.450  4.676
 0.450  5.456
 0.675 -5.066
 0.675 -4.287
 0.675 -3.507
 0.675 -2.728
 0.675 -1.949
 0.675 -0.390
 0.675  0.390
 0.675  1.949
 0.675  2.728
 0.675  3.507
 0.675  4.287
 0.675  5.066
 0.900 -4.676
 0.900 -3.897
 0.900 -3.118
 0.900 -2.338
 0.900 -0.779
 0.900  0.779
 0.900  2.338
 0.900  3.118
 0.900  3.897
 0.900  4.676
 1.125 -4.287
 1.125 -3.507
 1.125 -2.728
 1.125 -1.169
 1.125 -0.390
 1.125  0.390
 1.125  1.169
 1.125  2.728
 1.125  3.507
 1.125  4.287
 1.350 -4.676
 1.350 -3.897
 1.350 -3.118
 1.350 -1.559
 1.350 -0.779
 1.350  0.779
 1.350  1.559
 1.350  3.118
 1.350  3.897
 1.350  4.676
 1.575 -4.287
 1.575 -3.507
 1.575 -1.949
 1.575 -1.169
 1.575 -0.390
 1.575  0.390
 1.575  1.169
 1.575  1.949
 1.575  3.507
 1.575  4.287
 1.800 -4.676
 1.800 -3.897
 1.800 -2.338
 1.800 -1.559
 1.800 -0.779
 1.800  0.779
 1.800  1.559
 1.800  2.338
 1.800  3.897
 1.800  4.676
 2.025 -4.287
 2.025 -2.728
 2.025 -1.949
 2.025 -1.169
 2.025 -0.390
 2.025  0.390
 2.025  1.169
 2.025  1.949
 2.025  2.728
 2.025  4.287
 2.250 -3.118
 2.250 -2.338
 2.250 -1.559
 2.250 -0.779
 2.250  0.779
 2.250  1.559
 2.250  2.338
 2.250  3.118
 2.475 -3.507
 2.475 -2.728
 2.475 -1.949
 2.475 -1.169
 2.475 -0.390
 2.475  0.390
 2.475  1.169
 2.475  1.949
 2.475  2.728
 2.475  3.507
 2.700 -3.897
 2.700 -3.118
 2.700 -2.338
 2.700 -1.559
 2.700 -0.779
 2.700  0.779
 2.700  1.559
 2.700  2.338
 2.700  3.118
 2.700  3.897
 2.925 -3.507
 2.925 -2.728
 2.925 -1.949
 2.925 -1.169
 2.925 -0.390
 2.925  0.390
 2.925  1.169
 2.925  1.949
 2.925  2.728
 2.925  3.507
 3.150 -3.897
 3.150 -3.118
 3.150 -2.338
 3.150 -1.559
 3.150 -0.779
 3.150  0.779
 3.150  1.559
 3.150  2.338
 3.150  3.118
 3.150  3.897
 3.375 -3.507
 3.375 -2.728
 3.375 -1.949
 3.375 -1.169
 3.375 -0.390
 3.375  0.390
 3.375  1.169
 3.375  1.949
 3.375  2.728
 3.375  3.507
 3.600 -3.118
 3.600 -2.338
 3.600 -1.559
 3.600 -0.779
 3.600  0.779
 3.600  1.559
 3.600  2.338
 3.600  3.118
 3.825 -2.728
 3.825 -1.949
 3.825 -1.169
 3.825 -0.390
 3.825  0.390
 3.825  1.169
 3.825  1.949
 3.825  2.728
 4.050 -3.118
 4.050 -2.338
 4.050 -1.559
 4.050 -0.779
 4.050  0.779
 4.050  1.559
 4.050  2.338
 4.050  3.118
 4.275 -2.728
 4.275 -1.949
 4.275 -1.169
 4.275 -0.390
 4.275  0.390
 4.275  1.169
 4.275  1.949
 4.275  2.728
 4.500 -3.118
 4.500 -2.338
 4.500 -1.559
 4.500 -0.779
 4.500  0.779
 4.500  1.559
 4.500  2.338
 4.500  3.118
 4.725 -2.728
 4.725 -1.949
 4.725 -1.169
 4.725 -0.390
 4.725  0.390
 4.725  1.169
 4.725  1.949
 4.725  2.728
 4.950 -2.338
 4.950 -0.779
 4.950  0.779
 4.950  2.338
