-3.600 -2.340
-4.275 -1.950
-4.275 -2.730
-3.600 -0.780
-4.275 -0.390
-4.275 -1.170
-3.600  0.780
-4.275  1.170
-4.275  0.390
-3.600  2.340
-4.275  2.730
-4.275  1.950
-2.250 -3.120
-2.925 -2.730
-2.925 -3.510
-2.250  3.120
-2.925  3.510
-2.925  2.730
-0.900 -3.900
-1.575 -3.510
-1.575 -4.290
-0.900  3.900
-1.575  4.290
-1.575  3.510
 0.450 -4.680
-0.225 -4.290
-0.225 -5.070
 0.450  4.680
-0.225  5.070
-0.225  4.290
 1.800 -3.900
 1.125 -3.510
 1.125 -4.290
 1.800  3.900
 1.125  4.290
 1.125  3.510
 3.150 -3.120
 2.475 -2.730
 2.475 -3.510
 3.150  3.120
 2.475  3.510
 2.475  2.730
 4.500 -2.340
 3.825 -1.950
 3.825 -2.730
 4.500 -0.780
 3.825 -0.390
 3.825 -1.170
 4.500  0.780
 3.825  1.170
 3.825  0.390
 4.500  2.340
 3.825  2.730
 3.825  1.950
