-4.050 -2.340
-4.050 -0.780
-4.050  0.780
-4.050  2.340
-2.700 -3.120
-2.700  3.120
-1.350 -3.900
-1.350  3.900
 0.000 -4.680
 0.000  4.680
 1.350 -3.900
 1.350  3.900
 2.700 -3.120
 2.700  3.120
 4.050 -2.340
 4.050 -0.780
 4.050  0.780
 4.050  2.340
 4.500  2.338
 4.275  2.728
 3.825  2.728
 3.600  2.338
 3.825  1.949
 4.275  1.949
 0.450  4.677
 0.225  5.066
-0.225  5.066
-0.450  4.677
-0.225  4.287
 0.225  4.287
-3.600  2.338
-3.825  2.728
-4.275  2.728
-4.500  2.338
-4.275  1.949
-3.825  1.949
-3.600 -2.338
-3.825 -1.949
-4.275 -1.949
-4.500 -2.338
-4.275 -2.728
-3.825 -2.728
 0.450 -4.677
 0.225 -4.287
-0.225 -4.287
-0.450 -4.677
-0.225 -5.066
 0.225 -5.066
 4.500 -2.338
 4.275 -1.949
 3.825 -1.949
 3.600 -2.338
 3.825 -2.728
 4.275 -2.728
 3.150  3.118
 2.925  3.507
 2.475  3.507
 2.250  3.118
 2.475  2.728
 2.925  2.728
-0.900  3.897
-1.125  4.287
-1.575  4.287
-1.800  3.897
-1.575  3.507
-1.125  3.507
-3.600  0.779
-3.825  1.169
-4.275  1.169
-4.500  0.779
-4.275  0.390
-3.825  0.390
-2.250 -3.118
-2.475 -2.728
-2.925 -2.728
-3.150 -3.118
-2.925 -3.507
-2.475 -3.507
 1.800 -3.897
 1.575 -3.507
 1.125 -3.507
 0.900 -3.897
 1.125 -4.287
 1.575 -4.287
 4.500 -0.779
 4.275 -0.390
 3.825 -0.390
 3.600 -0.779
 3.825 -1.169
 4.275 -1.169
 3.150 -3.118
 2.925 -2.728
 2.475 -2.728
 2.250 -3.118
 2.475 -3.507
 2.925 -3.507
-0.900 -3.897
-1.125 -3.507
-1.575 -3.507
-1.800 -3.897
-1.575 -4.287
-1.125 -4.287
-3.600 -0.779
-3.825 -0.390
-4.275 -0.390
-4.500 -0.779
-4.275 -1.169
-3.825 -1.169
-2.250  3.118
-2.475  3.507
-2.925  3.507
-3.150  3.118
-2.925  2.728
-2.475  2.728
 1.800  3.897
 1.575  4.287
 1.125  4.287
 0.900  3.897
 1.125  3.507
 1.575  3.507
 4.500  0.779
 4.275  1.169
 3.825  1.169
 3.600  0.779
 3.825  0.390
 4.275  0.390
