-2.100000000  0.519615242
-2.025000000  0.649519053
-1.950000000  0.779422863
-1.875000000  0.909326674
-1.800000000  1.039230485
-1.725000000  1.169134295
-1.650000000  1.299038106
-1.575000000  1.428941916
-1.500000000  1.558845727
-2.100000000  0.259807621
-2.025000000  0.389711432
-1.950000000  0.519615242
-1.875000000  0.649519053
-1.800000000  0.779422863
-1.725000000  0.909326674
-1.650000000  1.039230485
-1.575000000  1.169134295
-1.500000000  1.299038106
-1.425000000  1.428941916
-1.350000000  1.558845727
-1.275000000  1.688749537
-1.200000000  1.818653348
-1.950000000  0.259807621
-1.875000000  0.389711432
-1.800000000  0.519615242
-1.725000000  0.649519053
-1.650000000  0.779422863
-1.575000000  0.909326674
-1.500000000  1.039230485
-1.425000000  1.169134295
-1.350000000  1.299038106
-1.275000000  1.428941916
-1.200000000  1.558845727
-1.125000000  1.688749537
-1.050000000  1.818653348
-0.975000000  1.948557159
-2.100000000 -0.259807621
-1.800000000  0.259807621
-1.725000000  0.389711432
-1.650000000  0.519615242
-1.575000000  0.649519053
-1.500000000  0.779422863
-1.425000000  0.909326674
-1.350000000  1.039230485
-1.275000000  1.169134295
-1.200000000  1.299038106
-1.125000000  1.428941916
-1.050000000  1.558845727
-0.975000000  1.688749537
-0.900000000  1.818653348
-0.825000000  1.948557159
-2.100000000 -0.519615242
-2.025000000 -0.389711432
-1.950000000 -0.259807621
-1.650000000  0.259807621
-1.575000000  0.389711432
-1.500000000  0.519615242
-1.425000000  0.649519053
-1.350000000  0.779422863
-1.275000000  0.909326674
-1.200000000  1.039230485
-1.125000000  1.169134295
-1.050000000  1.299038106
-0.975000000  1.428941916
-0.900000000  1.558845727
-0.825000000  1.688749537
-0.750000000  1.818653348
-0.675000000  1.948557159
-0.600000000  2.078460969
-2.025000000 -0.649519053
-1.950000000 -0.519615242
-1.875000000 -0.389711432
-1.800000000 -0.259807621
-1.500000000  0.259807621
-1.425000000  0.389711432
-1.350000000  0.519615242
-1.275000000  0.649519053
-1.200000000  0.779422863
-1.125000000  0.909326674
-1.050000000  1.039230485
-0.975000000  1.169134295
-0.900000000  1.299038106
-0.825000000  1.428941916
-0.750000000  1.558845727
-0.675000000  1.688749537
-0.600000000  1.818653348
-0.525000000  1.948557159
-0.450000000  2.078460969
-1.950000000 -0.779422863
-1.875000000 -0.649519053
-1.800000000 -0.519615242
-1.725000000 -0.389711432
-1.650000000 -0.259807621
-1.350000000  0.259807621
-1.275000000  0.389711432
-1.200000000  0.519615242
-1.125000000  0.649519053
-1.050000000  0.779422863
-0.975000000  0.909326674
-0.900000000  1.039230485
-0.825000000  1.169134295
-0.750000000  1.299038106
-0.675000000  1.428941916
-0.600000000  1.558845727
-0.525000000  1.688749537
-0.450000000  1.818653348
-0.375000000  1.948557159
-0.300000000  2.078460969
-1.875000000 -0.909326674
-1.800000000 -0.779422863
-1.725000000 -0.649519053
-1.650000000 -0.519615242
-1.575000000 -0.389711432
-1.500000000 -0.259807621
-1.200000000  0.259807621
-0.825000000  0.909326674
-0.750000000  1.039230485
-0.675000000  1.169134295
-0.600000000  1.299038106
-0.525000000  1.428941916
-0.450000000  1.558845727
-0.375000000  1.688749537
-0.300000000  1.818653348
-0.225000000  1.948557159
-1.800000000 -1.039230485
-1.725000000 -0.909326674
-1.650000000 -0.779422863
-1.575000000 -0.649519053
-1.500000000 -0.519615242
-1.425000000 -0.389711432
-1.350000000 -0.259807621
-0.525000000  1.169134295
-0.450000000  1.299038106
-0.375000000  1.428941916
-0.300000000  1.558845727
-0.225000000  1.688749537
-1.725000000 -1.169134295
-1.650000000 -1.039230485
-1.575000000 -0.909326674
-1.500000000 -0.779422863
-1.425000000 -0.649519053
-1.350000000 -0.519615242
-1.275000000 -0.389711432
-1.200000000 -0.259807621
-0.375000000  1.169134295
-0.300000000  1.299038106
-0.225000000  1.428941916
-1.650000000 -1.299038106
-1.575000000 -1.169134295
-1.500000000 -1.039230485
-1.425000000 -0.909326674
-1.350000000 -0.779422863
-1.275000000 -0.649519053
-1.200000000 -0.519615242
 0.225000000  1.948557159
 0.300000000  2.078460969
-1.575000000 -1.428941916
-1.500000000 -1.299038106
-1.425000000 -1.169134295
-1.350000000 -1.039230485
-1.275000000 -0.909326674
-1.200000000 -0.779422863
-1.125000000 -0.649519053
 0.225000000  1.688749537
 0.300000000  1.818653348
 0.375000000  1.948557159
 0.450000000  2.078460969
-1.500000000 -1.558845727
-1.425000000 -1.428941916
-1.350000000 -1.299038106
-1.275000000 -1.169134295
-1.200000000 -1.039230485
-1.125000000 -0.909326674
-1.050000000 -0.779422863
 0.225000000  1.428941916
 0.300000000  1.558845727
 0.375000000  1.688749537
 0.450000000  1.818653348
 0.525000000  1.948557159
 0.600000000  2.078460969
-1.350000000 -1.558845727
-1.275000000 -1.428941916
-1.200000000 -1.299038106
-1.125000000 -1.169134295
-1.050000000 -1.039230485
-0.975000000 -0.909326674
 0.300000000  1.299038106
 0.375000000  1.428941916
 0.450000000  1.558845727
 0.525000000  1.688749537
 0.600000000  1.818653348
 0.675000000  1.948557159
-1.275000000 -1.688749537
-1.200000000 -1.558845727
-1.125000000 -1.428941916
-1.050000000 -1.299038106
-0.975000000 -1.169134295
-0.900000000 -1.039230485
-0.825000000 -0.909326674
 0.375000000  1.169134295
 0.450000000  1.299038106
 0.525000000  1.428941916
 0.600000000  1.558845727
 0.675000000  1.688749537
 0.750000000  1.818653348
 0.825000000  1.948557159
-1.200000000 -1.818653348
-1.125000000 -1.688749537
-1.050000000 -1.558845727
-0.975000000 -1.428941916
-0.900000000 -1.299038106
-0.825000000 -1.169134295
-0.750000000 -1.039230485
 0.525000000  1.169134295
 0.600000000  1.299038106
 0.675000000  1.428941916
 0.750000000  1.558845727
 0.825000000  1.688749537
 0.900000000  1.818653348
 0.975000000  1.948557159
-1.050000000 -1.818653348
-0.975000000 -1.688749537
-0.900000000 -1.558845727
-0.825000000 -1.428941916
-0.750000000 -1.299038106
-0.675000000 -1.169134295
 0.675000000  1.169134295
 0.750000000  1.299038106
 0.825000000  1.428941916
 0.900000000  1.558845727
 0.975000000  1.688749537
 1.050000000  1.818653348
-0.975000000 -1.948557159
-0.900000000 -1.818653348
-0.825000000 -1.688749537
-0.750000000 -1.558845727
-0.675000000 -1.428941916
-0.600000000 -1.299038106
-0.525000000 -1.169134295
 0.750000000  1.039230485
 0.825000000  1.169134295
 0.900000000  1.299038106
 0.975000000  1.428941916
 1.050000000  1.558845727
 1.125000000  1.688749537
 1.200000000  1.818653348
-0.825000000 -1.948557159
-0.750000000 -1.818653348
-0.675000000 -1.688749537
-0.600000000 -1.558845727
-0.525000000 -1.428941916
-0.450000000 -1.299038106
-0.375000000 -1.169134295
 0.825000000  0.909326674
 0.900000000  1.039230485
 0.975000000  1.169134295
 1.050000000  1.299038106
 1.125000000  1.428941916
 1.200000000  1.558845727
 1.275000000  1.688749537
-0.675000000 -1.948557159
-0.600000000 -1.818653348
-0.525000000 -1.688749537
-0.450000000 -1.558845727
-0.375000000 -1.428941916
-0.300000000 -1.299038106
 0.975000000  0.909326674
 1.050000000  1.039230485
 1.125000000  1.169134295
 1.200000000  1.299038106
 1.275000000  1.428941916
 1.350000000  1.558845727
-0.600000000 -2.078460969
-0.525000000 -1.948557159
-0.450000000 -1.818653348
-0.375000000 -1.688749537
-0.300000000 -1.558845727
-0.225000000 -1.428941916
 1.050000000  0.779422863
 1.125000000  0.909326674
 1.200000000  1.039230485
 1.275000000  1.169134295
 1.350000000  1.299038106
 1.425000000  1.428941916
 1.500000000  1.558845727
-0.450000000 -2.078460969
-0.375000000 -1.948557159
-0.300000000 -1.818653348
-0.225000000 -1.688749537
 1.125000000  0.649519053
 1.200000000  0.779422863
 1.275000000  0.909326674
 1.350000000  1.039230485
 1.425000000  1.169134295
 1.500000000  1.299038106
 1.575000000  1.428941916
-0.300000000 -2.078460969
-0.225000000 -1.948557159
 1.200000000  0.519615242
 1.275000000  0.649519053
 1.350000000  0.779422863
 1.425000000  0.909326674
 1.500000000  1.039230485
 1.575000000  1.169134295
 1.650000000  1.299038106
 0.225000000 -1.428941916
 0.300000000 -1.299038106
 0.375000000 -1.169134295
 1.200000000  0.259807621
 1.275000000  0.389711432
 1.350000000  0.519615242
 1.425000000  0.649519053
 1.500000000  0.779422863
 1.575000000  0.909326674
 1.650000000  1.039230485
 1.725000000  1.169134295
 0.225000000 -1.688749537
 0.300000000 -1.558845727
 0.375000000 -1.428941916
 0.450000000 -1.299038106
 0.525000000 -1.169134295
 1.350000000  0.259807621
 1.425000000  0.389711432
 1.500000000  0.519615242
 1.575000000  0.649519053
 1.650000000  0.779422863
 1.725000000  0.909326674
 1.800000000  1.039230485
 0.225000000 -1.948557159
 0.300000000 -1.818653348
 0.375000000 -1.688749537
 0.450000000 -1.558845727
 0.525000000 -1.428941916
 0.600000000 -1.299038106
 0.675000000 -1.169134295
 0.750000000 -1.039230485
 0.825000000 -0.909326674
 1.200000000 -0.259807621
 1.500000000  0.259807621
 1.575000000  0.389711432
 1.650000000  0.519615242
 1.725000000  0.649519053
 1.800000000  0.779422863
 1.875000000  0.909326674
 0.300000000 -2.078460969
 0.375000000 -1.948557159
 0.450000000 -1.818653348
 0.525000000 -1.688749537
 0.600000000 -1.558845727
 0.675000000 -1.428941916
 0.750000000 -1.299038106
 0.825000000 -1.169134295
 0.900000000 -1.039230485
 0.975000000 -0.909326674
 1.050000000 -0.779422863
 1.125000000 -0.649519053
 1.200000000 -0.519615242
 1.275000000 -0.389711432
 1.350000000 -0.259807621
 1.650000000  0.259807621
 1.725000000  0.389711432
 1.800000000  0.519615242
 1.875000000  0.649519053
 1.950000000  0.779422863
 0.450000000 -2.078460969
 0.525000000 -1.948557159
 0.600000000 -1.818653348
 0.675000000 -1.688749537
 0.750000000 -1.558845727
 0.825000000 -1.428941916
 0.900000000 -1.299038106
 0.975000000 -1.169134295
 1.050000000 -1.039230485
 1.125000000 -0.909326674
 1.200000000 -0.779422863
 1.275000000 -0.649519053
 1.350000000 -0.519615242
 1.425000000 -0.389711432
 1.500000000 -0.259807621
 1.800000000  0.259807621
 1.875000000  0.389711432
 1.950000000  0.519615242
 2.025000000  0.649519053
 0.600000000 -2.078460969
 0.675000000 -1.948557159
 0.750000000 -1.818653348
 0.825000000 -1.688749537
 0.900000000 -1.558845727
 0.975000000 -1.428941916
 1.050000000 -1.299038106
 1.125000000 -1.169134295
 1.200000000 -1.039230485
 1.275000000 -0.909326674
 1.350000000 -0.779422863
 1.425000000 -0.649519053
 1.500000000 -0.519615242
 1.575000000 -0.389711432
 1.650000000 -0.259807621
 1.950000000  0.259807621
 2.025000000  0.389711432
 2.100000000  0.519615242
 0.825000000 -1.948557159
 0.900000000 -1.818653348
 0.975000000 -1.688749537
 1.050000000 -1.558845727
 1.125000000 -1.428941916
 1.200000000 -1.299038106
 1.275000000 -1.169134295
 1.350000000 -1.039230485
 1.425000000 -0.909326674
 1.500000000 -0.779422863
 1.575000000 -0.649519053
 1.650000000 -0.519615242
 1.725000000 -0.389711432
 1.800000000 -0.259807621
 2.100000000  0.259807621
 0.975000000 -1.948557159
 1.050000000 -1.818653348
 1.125000000 -1.688749537
 1.200000000 -1.558845727
 1.275000000 -1.428941916
 1.350000000 -1.299038106
 1.425000000 -1.169134295
 1.500000000 -1.039230485
 1.575000000 -0.909326674
 1.650000000 -0.779422863
 1.725000000 -0.649519053
 1.800000000 -0.519615242
 1.875000000 -0.389711432
 1.950000000 -0.259807621
 1.200000000 -1.818653348
 1.275000000 -1.688749537
 1.350000000 -1.558845727
 1.425000000 -1.428941916
 1.500000000 -1.299038106
 1.575000000 -1.169134295
 1.650000000 -1.039230485
 1.725000000 -0.909326674
 1.800000000 -0.779422863
 1.875000000 -0.649519053
 1.950000000 -0.519615242
 2.025000000 -0.389711432
 2.100000000 -0.259807621
 1.500000000 -1.558845727
 1.575000000 -1.428941916
 1.650000000 -1.299038106
 1.725000000 -1.169134295
 1.800000000 -1.039230485
 1.875000000 -0.909326674
 1.950000000 -0.779422863
 2.025000000 -0.649519053
 2.100000000 -0.519615242
