-2.182 -0.364
-2.182  0.364
-1.819 -1.091
-1.819 -0.727
-1.819 -0.364
-1.819  0.364
-1.819  0.727
-1.819  1.091
-1.455 -1.455
-1.455 -1.091
-1.455 -0.727
-1.455 -0.364
-1.455  0.364
-1.455  0.727
-1.455  1.091
-1.455  1.455
-1.091 -1.819
-1.091 -1.455
-1.091 -1.091
-1.091 -0.727
-1.091 -0.364
-1.091  0.364
-1.091  0.727
-1.091  1.091
-1.091  1.455
-1.091  1.819
-0.727 -1.819
-0.727 -1.455
-0.727 -1.091
-0.727 -0.727
-0.727  0.727
-0.727  1.091
-0.727  1.455
-0.727  1.819
-0.364 -2.182
-0.364 -1.819
-0.364 -1.455
-0.364 -1.091
-0.364  1.091
-0.364  1.455
-0.364  1.819
-0.364  2.182
 0.000 -2.182
 0.000 -1.819
 0.000 -1.455
 0.000 -1.091
 0.364 -2.182
 0.364 -1.819
 0.364 -1.455
 0.364 -1.091
 0.364  1.091
 0.364  1.455
 0.364  1.819
 0.364  2.182
 0.727 -1.819
 0.727 -1.455
 0.727 -1.091
 0.727 -0.727
 0.727  0.727
 0.727  1.091
 0.727  1.455
 0.727  1.819
 1.091 -1.819
 1.091 -1.455
 1.091 -1.091
 1.091 -0.727
 1.091 -0.364
 1.091  0.364
 1.091  0.727
 1.091  1.091
 1.091  1.455
 1.091  1.819
 1.455 -1.455
 1.455 -1.091
 1.455 -0.727
 1.455 -0.364
 1.455  0.364
 1.455  0.727
 1.455  1.091
 1.455  1.455
 1.819 -1.091
 1.819 -0.727
 1.819 -0.364
 1.819  0.364
 1.819  0.727
 1.819  1.091
 2.182 -0.364
 2.182  0.364
