-4.500000000  1.558845727
-4.320000000  1.870614872
-4.140000000  2.182384018
-3.960000000  2.494153163
-3.780000000  2.805922308
-3.600000000  3.117691454
-4.680000000  0.623538291
-4.500000000  0.935307436
-4.320000000  1.247076581
-4.140000000  1.558845727
-3.960000000  1.870614872
-3.780000000  2.182384018
-3.600000000  2.494153163
-3.420000000  2.805922308
-3.240000000  3.117691454
-3.060000000  3.429460599
-2.880000000  3.741229744
-4.320000000  0.623538291
-4.140000000  0.935307436
-3.960000000  1.247076581
-3.780000000  1.558845727
-3.600000000  1.870614872
-3.420000000  2.182384018
-3.240000000  2.494153163
-3.060000000  2.805922308
-2.880000000  3.117691454
-2.700000000  3.429460599
-2.520000000  3.741229744
-2.340000000  4.052998890
-4.680000000 -0.623538291
-3.960000000  0.623538291
-3.780000000  0.935307436
-3.600000000  1.247076581
-3.420000000  1.558845727
-3.240000000  1.870614872
-3.060000000  2.182384018
-2.880000000  2.494153163
-2.700000000  2.805922308
-2.520000000  3.117691454
-2.340000000  3.429460599
-2.160000000  3.741229744
-1.980000000  4.052998890
-1.800000000  4.364768035
-4.500000000 -0.935307436
-4.320000000 -0.623538291
-3.600000000  0.623538291
-3.420000000  0.935307436
-3.240000000  1.247076581
-3.060000000  1.558845727
-2.880000000  1.870614872
-2.700000000  2.182384018
-2.520000000  2.494153163
-2.340000000  2.805922308
-2.160000000  3.117691454
-1.980000000  3.429460599
-1.800000000  3.741229744
-1.620000000  4.052998890
-1.440000000  4.364768035
-4.500000000 -1.558845727
-4.320000000 -1.247076581
-4.140000000 -0.935307436
-3.960000000 -0.623538291
-3.240000000  0.623538291
-3.060000000  0.935307436
-2.880000000  1.247076581
-2.700000000  1.558845727
-2.520000000  1.870614872
-2.340000000  2.182384018
-2.160000000  2.494153163
-1.980000000  2.805922308
-1.800000000  3.117691454
-1.620000000  3.429460599
-1.440000000  3.741229744
-1.260000000  4.052998890
-1.080000000  4.364768035
-0.900000000  4.676537180
-4.320000000 -1.870614872
-4.140000000 -1.558845727
-3.960000000 -1.247076581
-3.780000000 -0.935307436
-3.600000000 -0.623538291
-2.880000000  0.623538291
-2.700000000  0.935307436
-2.520000000  1.247076581
-2.340000000  1.558845727
-2.160000000  1.870614872
-1.980000000  2.182384018
-1.800000000  2.494153163
-1.620000000  2.805922308
-1.440000000  3.117691454
-1.260000000  3.429460599
-1.080000000  3.741229744
-0.900000000  4.052998890
-0.720000000  4.364768035
-0.540000000  4.676537180
-4.140000000 -2.182384018
-3.960000000 -1.870614872
-3.780000000 -1.558845727
-3.600000000 -1.247076581
-3.420000000 -0.935307436
-3.240000000 -0.623538291
-2.520000000  0.623538291
-2.340000000  0.935307436
-2.160000000  1.247076581
-1.980000000  1.558845727
-1.800000000  1.870614872
-1.620000000  2.182384018
-1.440000000  2.494153163
-1.260000000  2.805922308
-1.080000000  3.117691454
-0.900000000  3.429460599
-0.720000000  3.741229744
-0.540000000  4.052998890
-3.960000000 -2.494153163
-3.780000000 -2.182384018
-3.600000000 -1.870614872
-3.420000000 -1.558845727
-3.240000000 -1.247076581
-3.060000000 -0.935307436
-2.880000000 -0.623538291
-2.160000000  0.623538291
-1.980000000  0.935307436
-1.800000000  1.247076581
-1.620000000  1.558845727
-1.440000000  1.870614872
-1.260000000  2.182384018
-1.080000000  2.494153163
-0.900000000  2.805922308
-0.720000000  3.117691454
-0.540000000  3.429460599
-3.780000000 -2.805922308
-3.600000000 -2.494153163
-3.420000000 -2.182384018
-3.240000000 -1.870614872
-3.060000000 -1.558845727
-2.880000000 -1.247076581
-2.700000000 -0.935307436
-2.520000000 -0.623538291
-1.080000000  1.870614872
-0.900000000  2.182384018
-0.720000000  2.494153163
-0.540000000  2.805922308
 0.540000000  4.676537180
-3.600000000 -3.117691454
-3.420000000 -2.805922308
-3.240000000 -2.494153163
-3.060000000 -2.182384018
-2.880000000 -1.870614872
-2.700000000 -1.558845727
-2.520000000 -1.247076581
-2.340000000 -0.935307436
-2.160000000 -0.623538291
-0.540000000  2.182384018
 0.540000000  4.052998890
 0.720000000  4.364768035
 0.900000000  4.676537180
-3.240000000 -3.117691454
-3.060000000 -2.805922308
-2.880000000 -2.494153163
-2.700000000 -2.182384018
-2.520000000 -1.870614872
-2.340000000 -1.558845727
-2.160000000 -1.247076581
-1.980000000 -0.935307436
 0.540000000  3.429460599
 0.720000000  3.741229744
 0.900000000  4.052998890
 1.080000000  4.364768035
-3.060000000 -3.429460599
-2.880000000 -3.117691454
-2.700000000 -2.805922308
-2.520000000 -2.494153163
-2.340000000 -2.182384018
-2.160000000 -1.870614872
-1.980000000 -1.558845727
-1.800000000 -1.247076581
 0.540000000  2.805922308
 0.720000000  3.117691454
 0.900000000  3.429460599
 1.080000000  3.741229744
 1.260000000  4.052998890
 1.440000000  4.364768035
-2.880000000 -3.741229744
-2.700000000 -3.429460599
-2.520000000 -3.117691454
-2.340000000 -2.805922308
-2.160000000 -2.494153163
-1.980000000 -2.182384018
-1.800000000 -1.870614872
-1.620000000 -1.558845727
 0.540000000  2.182384018
 0.720000000  2.494153163
 0.900000000  2.805922308
 1.080000000  3.117691454
 1.260000000  3.429460599
 1.440000000  3.741229744
 1.620000000  4.052998890
 1.800000000  4.364768035
-2.520000000 -3.741229744
-2.340000000 -3.429460599
-2.160000000 -3.117691454
-1.980000000 -2.805922308
-1.800000000 -2.494153163
-1.620000000 -2.182384018
-1.440000000 -1.870614872
 0.900000000  2.182384018
 1.080000000  2.494153163
 1.260000000  2.805922308
 1.440000000  3.117691454
 1.620000000  3.429460599
 1.800000000  3.741229744
 1.980000000  4.052998890
-2.340000000 -4.052998890
-2.160000000 -3.741229744
-1.980000000 -3.429460599
-1.800000000 -3.117691454
-1.620000000 -2.805922308
-1.440000000 -2.494153163
-1.260000000 -2.182384018
-1.080000000 -1.870614872
 1.080000000  1.870614872
 1.260000000  2.182384018
 1.440000000  2.494153163
 1.620000000  2.805922308
 1.800000000  3.117691454
 1.980000000  3.429460599
 2.160000000  3.741229744
 2.340000000  4.052998890
-1.980000000 -4.052998890
-1.800000000 -3.741229744
-1.620000000 -3.429460599
-1.440000000 -3.117691454
-1.260000000 -2.805922308
-1.080000000 -2.494153163
-0.900000000 -2.182384018
 1.440000000  1.870614872
 1.620000000  2.182384018
 1.800000000  2.494153163
 1.980000000  2.805922308
 2.160000000  3.117691454
 2.340000000  3.429460599
 2.520000000  3.741229744
-1.800000000 -4.364768035
-1.620000000 -4.052998890
-1.440000000 -3.741229744
-1.260000000 -3.429460599
-1.080000000 -3.117691454
-0.900000000 -2.805922308
-0.720000000 -2.494153163
-0.540000000 -2.182384018
 1.620000000  1.558845727
 1.800000000  1.870614872
 1.980000000  2.182384018
 2.160000000  2.494153163
 2.340000000  2.805922308
 2.520000000  3.117691454
 2.700000000  3.429460599
 2.880000000  3.741229744
-1.440000000 -4.364768035
-1.260000000 -4.052998890
-1.080000000 -3.741229744
-0.900000000 -3.429460599
-0.720000000 -3.117691454
-0.540000000 -2.805922308
 1.800000000  1.247076581
 1.980000000  1.558845727
 2.160000000  1.870614872
 2.340000000  2.182384018
 2.520000000  2.494153163
 2.700000000  2.805922308
 2.880000000  3.117691454
 3.060000000  3.429460599
-1.080000000 -4.364768035
-0.900000000 -4.052998890
-0.720000000 -3.741229744
-0.540000000 -3.429460599
 1.980000000  0.935307436
 2.160000000  1.247076581
 2.340000000  1.558845727
 2.520000000  1.870614872
 2.700000000  2.182384018
 2.880000000  2.494153163
 3.060000000  2.805922308
 3.240000000  3.117691454
-0.900000000 -4.676537180
-0.720000000 -4.364768035
-0.540000000 -4.052998890
 0.540000000 -2.182384018
 2.160000000  0.623538291
 2.340000000  0.935307436
 2.520000000  1.247076581
 2.700000000  1.558845727
 2.880000000  1.870614872
 3.060000000  2.182384018
 3.240000000  2.494153163
 3.420000000  2.805922308
 3.600000000  3.117691454
-0.540000000 -4.676537180
 0.540000000 -2.805922308
 0.720000000 -2.494153163
 0.900000000 -2.182384018
 1.080000000 -1.870614872
 2.520000000  0.623538291
 2.700000000  0.935307436
 2.880000000  1.247076581
 3.060000000  1.558845727
 3.240000000  1.870614872
 3.420000000  2.182384018
 3.600000000  2.494153163
 3.780000000  2.805922308
 0.540000000 -3.429460599
 0.720000000 -3.117691454
 0.900000000 -2.805922308
 1.080000000 -2.494153163
 1.260000000 -2.182384018
 1.440000000 -1.870614872
 1.620000000 -1.558845727
 1.800000000 -1.247076581
 1.980000000 -0.935307436
 2.160000000 -0.623538291
 2.880000000  0.623538291
 3.060000000  0.935307436
 3.240000000  1.247076581
 3.420000000  1.558845727
 3.600000000  1.870614872
 3.780000000  2.182384018
 3.960000000  2.494153163
 0.540000000 -4.052998890
 0.720000000 -3.741229744
 0.900000000 -3.429460599
 1.080000000 -3.117691454
 1.260000000 -2.805922308
 1.440000000 -2.494153163
 1.620000000 -2.182384018
 1.800000000 -1.870614872
 1.980000000 -1.558845727
 2.160000000 -1.247076581
 2.340000000 -0.935307436
 2.520000000 -0.623538291
 3.240000000  0.623538291
 3.420000000  0.935307436
 3.600000000  1.247076581
 3.780000000  1.558845727
 3.960000000  1.870614872
 4.140000000  2.182384018
 0.540000000 -4.676537180
 0.720000000 -4.364768035
 0.900000000 -4.052998890
 1.080000000 -3.741229744
 1.260000000 -3.429460599
 1.440000000 -3.117691454
 1.620000000 -2.805922308
 1.800000000 -2.494153163
 1.980000000 -2.182384018
 2.160000000 -1.870614872
 2.340000000 -1.558845727
 2.520000000 -1.247076581
 2.700000000 -0.935307436
 2.880000000 -0.623538291
 3.600000000  0.623538291
 3.780000000  0.935307436
 3.960000000  1.247076581
 4.140000000  1.558845727
 4.320000000  1.870614872
 0.900000000 -4.676537180
 1.080000000 -4.364768035
 1.260000000 -4.052998890
 1.440000000 -3.741229744
 1.620000000 -3.429460599
 1.800000000 -3.117691454
 1.980000000 -2.805922308
 2.160000000 -2.494153163
 2.340000000 -2.182384018
 2.520000000 -1.870614872
 2.700000000 -1.558845727
 2.880000000 -1.247076581
 3.060000000 -0.935307436
 3.240000000 -0.623538291
 3.960000000  0.623538291
 4.140000000  0.935307436
 4.320000000  1.247076581
 4.500000000  1.558845727
 1.440000000 -4.364768035
 1.620000000 -4.052998890
 1.800000000 -3.741229744
 1.980000000 -3.429460599
 2.160000000 -3.117691454
 2.340000000 -2.805922308
 2.520000000 -2.494153163
 2.700000000 -2.182384018
 2.880000000 -1.870614872
 3.060000000 -1.558845727
 3.240000000 -1.247076581
 3.420000000 -0.935307436
 3.600000000 -0.623538291
 4.320000000  0.623538291
 4.500000000  0.935307436
 1.800000000 -4.364768035
 1.980000000 -4.052998890
 2.160000000 -3.741229744
 2.340000000 -3.429460599
 2.520000000 -3.117691454
 2.700000000 -2.805922308
 2.880000000 -2.494153163
 3.060000000 -2.182384018
 3.240000000 -1.870614872
 3.420000000 -1.558845727
 3.600000000 -1.247076581
 3.780000000 -0.935307436
 3.960000000 -0.623538291
 4.680000000  0.623538291
 2.340000000 -4.052998890
 2.520000000 -3.741229744
 2.700000000 -3.429460599
 2.880000000 -3.117691454
 3.060000000 -2.805922308
 3.240000000 -2.494153163
 3.420000000 -2.182384018
 3.600000000 -1.870614872
 3.780000000 -1.558845727
 3.960000000 -1.247076581
 4.140000000 -0.935307436
 4.320000000 -0.623538291
 2.880000000 -3.741229744
 3.060000000 -3.429460599
 3.240000000 -3.117691454
 3.420000000 -2.805922308
 3.600000000 -2.494153163
 3.780000000 -2.182384018
 3.960000000 -1.870614872
 4.140000000 -1.558845727
 4.320000000 -1.247076581
 4.500000000 -0.935307436
 4.680000000 -0.623538291
 3.600000000 -3.117691454
 3.780000000 -2.805922308
 3.960000000 -2.494153163
 4.140000000 -2.182384018
 4.320000000 -1.870614872
 4.500000000 -1.558845727
