-2.277321486  1.139503883
-2.226714342  1.227158028
-2.176107198  1.314812173
-2.125500054  1.402466318
-2.429142918  0.701233159
-2.378535774  0.788887304
-2.327928630  0.876541449
-2.277321486  0.964195593
-2.226714342  1.051849738
-2.176107198  1.139503883
-2.125500054  1.227158028
-2.074892909  1.314812173
-2.024285765  1.402466318
-1.973678621  1.490120463
-1.923071477  1.577774608
-1.872464333  1.665428752
-1.821857189  1.753082897
-2.479750062  0.438270724
-2.429142918  0.525924869
-2.378535774  0.613579014
-2.327928630  0.701233159
-2.277321486  0.788887304
-2.226714342  0.876541449
-2.176107198  0.964195593
-2.125500054  1.051849738
-2.074892909  1.139503883
-2.024285765  1.227158028
-1.973678621  1.314812173
-1.923071477  1.402466318
-1.872464333  1.490120463
-1.821857189  1.577774608
-1.771250045  1.665428752
-1.720642900  1.753082897
-1.670035756  1.840737042
-1.619428612  1.928391187
-2.530357207  0.175308290
-2.479750062  0.262962435
-2.429142918  0.350616579
-2.378535774  0.438270724
-2.327928630  0.525924869
-2.277321486  0.613579014
-2.226714342  0.701233159
-2.176107198  0.788887304
-2.125500054  0.876541449
-2.074892909  0.964195593
-2.024285765  1.051849738
-1.973678621  1.139503883
-1.923071477  1.227158028
-1.872464333  1.314812173
-1.821857189  1.402466318
-1.771250045  1.490120463
-1.720642900  1.577774608
-1.670035756  1.665428752
-1.619428612  1.753082897
-1.568821468  1.840737042
-1.518214324  1.928391187
-1.467607180  2.016045332
-1.417000036  2.103699477
-2.530357207  0.000000000
-2.479750062  0.087654145
-2.429142918  0.175308290
-2.378535774  0.262962435
-2.327928630  0.350616579
-2.277321486  0.438270724
-2.226714342  0.525924869
-2.176107198  0.613579014
-2.125500054  0.701233159
-2.074892909  0.788887304
-2.024285765  0.876541449
-1.973678621  0.964195593
-1.923071477  1.051849738
-1.872464333  1.139503883
-1.821857189  1.227158028
-1.771250045  1.314812173
-1.720642900  1.402466318
-1.670035756  1.490120463
-1.619428612  1.577774608
-1.568821468  1.665428752
-1.518214324  1.753082897
-1.467607180  1.840737042
-1.417000036  1.928391187
-1.366392892  2.016045332
-1.315785747  2.103699477
-1.265178603  2.191353622
-2.530357207 -0.175308290
-2.479750062 -0.087654145
-2.429142918  0.000000000
-2.378535774  0.087654145
-2.327928630  0.175308290
-2.277321486  0.262962435
-2.226714342  0.350616579
-2.176107198  0.438270724
-2.125500054  0.525924869
-2.074892909  0.613579014
-2.024285765  0.701233159
-1.973678621  0.788887304
-1.923071477  0.876541449
-1.872464333  0.964195593
-1.821857189  1.051849738
-1.771250045  1.139503883
-1.720642900  1.227158028
-1.670035756  1.314812173
-1.619428612  1.402466318
-1.568821468  1.490120463
-1.518214324  1.577774608
-1.467607180  1.665428752
-1.417000036  1.753082897
-1.366392892  1.840737042
-1.315785747  1.928391187
-1.265178603  2.016045332
-1.214571459  2.103699477
-1.163964315  2.191353622
-1.113357171  2.279007766
-2.479750062 -0.262962435
-2.429142918 -0.175308290
-2.378535774 -0.087654145
-2.327928630  0.000000000
-2.277321486  0.087654145
-2.226714342  0.175308290
-2.176107198  0.262962435
-2.125500054  0.350616579
-2.074892909  0.438270724
-2.024285765  0.525924869
-1.973678621  0.613579014
-1.923071477  0.701233159
-1.872464333  0.788887304
-1.821857189  0.876541449
-1.771250045  0.964195593
-1.720642900  1.051849738
-1.670035756  1.139503883
-1.619428612  1.227158028
-1.568821468  1.314812173
-1.518214324  1.402466318
-1.467607180  1.490120463
-1.417000036  1.577774608
-1.366392892  1.665428752
-1.315785747  1.753082897
-1.265178603  1.840737042
-1.214571459  1.928391187
-1.163964315  2.016045332
-1.113357171  2.103699477
-1.062750027  2.191353622
-1.012142883  2.279007766
-2.479750062 -0.438270724
-2.429142918 -0.350616579
-2.378535774 -0.262962435
-2.327928630 -0.175308290
-2.277321486 -0.087654145
-2.226714342  0.000000000
-2.176107198  0.087654145
-2.125500054  0.175308290
-2.074892909  0.262962435
-2.024285765  0.350616579
-1.973678621  0.438270724
-1.923071477  0.525924869
-1.872464333  0.613579014
-1.821857189  0.701233159
-1.771250045  0.788887304
-1.720642900  0.876541449
-1.670035756  0.964195593
-1.619428612  1.051849738
-1.568821468  1.139503883
-1.518214324  1.227158028
-1.467607180  1.314812173
-1.417000036  1.402466318
-1.366392892  1.490120463
-1.315785747  1.577774608
-1.265178603  1.665428752
-1.214571459  1.753082897
-1.163964315  1.840737042
-1.113357171  1.928391187
-1.062750027  2.016045332
-1.012142883  2.103699477
-0.961535738  2.191353622
-0.910928594  2.279007766
-0.860321450  2.366661911
-2.429142918 -0.525924869
-2.378535774 -0.438270724
-2.327928630 -0.350616579
-2.277321486 -0.262962435
-2.226714342 -0.175308290
-2.176107198 -0.087654145
-2.125500054  0.000000000
-2.074892909  0.087654145
-2.024285765  0.175308290
-1.973678621  0.262962435
-1.923071477  0.350616579
-1.872464333  0.438270724
-1.821857189  0.525924869
-1.771250045  0.613579014
-1.720642900  0.701233159
-1.670035756  0.788887304
-1.619428612  0.876541449
-1.568821468  0.964195593
-1.518214324  1.051849738
-1.467607180  1.139503883
-1.417000036  1.227158028
-1.366392892  1.314812173
-1.315785747  1.402466318
-1.265178603  1.490120463
-1.214571459  1.577774608
-1.163964315  1.665428752
-1.113357171  1.753082897
-1.062750027  1.840737042
-1.012142883  1.928391187
-0.961535738  2.016045332
-0.910928594  2.103699477
-0.860321450  2.191353622
-0.809714306  2.279007766
-0.759107162  2.366661911
-2.429142918 -0.701233159
-2.378535774 -0.613579014
-2.327928630 -0.525924869
-2.277321486 -0.438270724
-2.226714342 -0.350616579
-2.176107198 -0.262962435
-2.125500054 -0.175308290
-2.074892909 -0.087654145
-2.024285765  0.000000000
-1.973678621  0.087654145
-1.923071477  0.175308290
-1.872464333  0.262962435
-1.821857189  0.350616579
-1.771250045  0.438270724
-1.720642900  0.525924869
-1.670035756  0.613579014
-1.619428612  0.701233159
-1.568821468  0.788887304
-1.518214324  0.876541449
-1.467607180  0.964195593
-1.417000036  1.051849738
-1.366392892  1.139503883
-1.315785747  1.227158028
-1.265178603  1.314812173
-1.214571459  1.402466318
-1.163964315  1.490120463
-1.113357171  1.577774608
-1.062750027  1.665428752
-1.012142883  1.753082897
-0.961535738  1.840737042
-0.910928594  1.928391187
-0.860321450  2.016045332
-0.809714306  2.103699477
-0.759107162  2.191353622
-0.708500018  2.279007766
-0.657892874  2.366661911
-0.607285730  2.454316056
-2.378535774 -0.788887304
-2.327928630 -0.701233159
-2.277321486 -0.613579014
-2.226714342 -0.525924869
-2.176107198 -0.438270724
-2.125500054 -0.350616579
-2.074892909 -0.262962435
-2.024285765 -0.175308290
-1.973678621 -0.087654145
-1.923071477  0.000000000
-1.872464333  0.087654145
-1.821857189  0.175308290
-1.771250045  0.262962435
-1.720642900  0.350616579
-1.670035756  0.438270724
-1.619428612  0.525924869
-1.568821468  0.613579014
-1.518214324  0.701233159
-1.467607180  0.788887304
-1.417000036  0.876541449
-1.366392892  0.964195593
-1.315785747  1.051849738
-1.265178603  1.139503883
-1.214571459  1.227158028
-1.163964315  1.314812173
-1.113357171  1.402466318
-1.062750027  1.490120463
-1.012142883  1.577774608
-0.961535738  1.665428752
-0.910928594  1.753082897
-0.860321450  1.840737042
-0.809714306  1.928391187
-0.759107162  2.016045332
-0.708500018  2.103699477
-0.657892874  2.191353622
-0.607285730  2.279007766
-0.556678585  2.366661911
-0.506071441  2.454316056
-2.327928630 -0.876541449
-2.277321486 -0.788887304
-2.226714342 -0.701233159
-2.176107198 -0.613579014
-2.125500054 -0.525924869
-2.074892909 -0.438270724
-2.024285765 -0.350616579
-1.973678621 -0.262962435
-1.923071477 -0.175308290
-1.872464333 -0.087654145
-1.821857189  0.000000000
-1.771250045  0.087654145
-1.720642900  0.175308290
-1.670035756  0.262962435
-1.619428612  0.350616579
-1.568821468  0.438270724
-1.518214324  0.525924869
-1.467607180  0.613579014
-1.417000036  0.701233159
-1.366392892  0.788887304
-1.315785747  0.876541449
-1.265178603  0.964195593
-1.214571459  1.051849738
-1.163964315  1.139503883
-1.113357171  1.227158028
-1.062750027  1.314812173
-1.012142883  1.402466318
-0.961535738  1.490120463
-0.910928594  1.577774608
-0.860321450  1.665428752
-0.809714306  1.753082897
-0.759107162  1.840737042
-0.708500018  1.928391187
-0.657892874  2.016045332
-0.607285730  2.103699477
-0.556678585  2.191353622
-0.506071441  2.279007766
-0.455464297  2.366661911
-0.404857153  2.454316056
-2.277321486 -0.964195593
-2.226714342 -0.876541449
-2.176107198 -0.788887304
-2.125500054 -0.701233159
-2.074892909 -0.613579014
-2.024285765 -0.525924869
-1.973678621 -0.438270724
-1.923071477 -0.350616579
-1.872464333 -0.262962435
-1.821857189 -0.175308290
-1.771250045 -0.087654145
-1.720642900  0.000000000
-1.670035756  0.087654145
-1.619428612  0.175308290
-1.568821468  0.262962435
-1.518214324  0.350616579
-1.467607180  0.438270724
-1.417000036  0.525924869
-1.366392892  0.613579014
-1.315785747  0.701233159
-1.265178603  0.788887304
-1.214571459  0.876541449
-1.163964315  0.964195593
-1.113357171  1.051849738
-1.062750027  1.139503883
-1.012142883  1.227158028
-0.961535738  1.314812173
-0.910928594  1.402466318
-0.860321450  1.490120463
-0.809714306  1.577774608
-0.759107162  1.665428752
-0.708500018  1.753082897
-0.657892874  1.840737042
-0.607285730  1.928391187
-0.556678585  2.016045332
-0.506071441  2.103699477
-0.455464297  2.191353622
-0.404857153  2.279007766
-0.354250009  2.366661911
-0.303642865  2.454316056
-2.277321486 -1.139503883
-2.226714342 -1.051849738
-2.176107198 -0.964195593
-2.125500054 -0.876541449
-2.074892909 -0.788887304
-2.024285765 -0.701233159
-1.973678621 -0.613579014
-1.923071477 -0.525924869
-1.872464333 -0.438270724
-1.821857189 -0.350616579
-1.771250045 -0.262962435
-1.720642900 -0.175308290
-1.670035756 -0.087654145
-1.619428612  0.000000000
-1.568821468  0.087654145
-1.518214324  0.175308290
-1.467607180  0.262962435
-1.417000036  0.350616579
-1.366392892  0.438270724
-1.315785747  0.525924869
-1.265178603  0.613579014
-1.214571459  0.701233159
-1.163964315  0.788887304
-1.113357171  0.876541449
-1.062750027  0.964195593
-1.012142883  1.051849738
-0.961535738  1.139503883
-0.910928594  1.227158028
-0.860321450  1.314812173
-0.809714306  1.402466318
-0.759107162  1.490120463
-0.708500018  1.577774608
-0.657892874  1.665428752
-0.607285730  1.753082897
-0.556678585  1.840737042
-0.506071441  1.928391187
-0.455464297  2.016045332
-0.404857153  2.103699477
-0.354250009  2.191353622
-0.303642865  2.279007766
-0.253035721  2.366661911
-0.202428577  2.454316056
-0.151821432  2.541970201
-2.226714342 -1.227158028
-2.176107198 -1.139503883
-2.125500054 -1.051849738
-2.074892909 -0.964195593
-2.024285765 -0.876541449
-1.973678621 -0.788887304
-1.923071477 -0.701233159
-1.872464333 -0.613579014
-1.821857189 -0.525924869
-1.771250045 -0.438270724
-1.720642900 -0.350616579
-1.670035756 -0.262962435
-1.619428612 -0.175308290
-1.568821468 -0.087654145
-1.518214324  0.000000000
-1.467607180  0.087654145
-1.417000036  0.175308290
-1.366392892  0.262962435
-1.315785747  0.350616579
-1.265178603  0.438270724
-1.214571459  0.525924869
-1.163964315  0.613579014
-1.113357171  0.701233159
-1.062750027  0.788887304
-1.012142883  0.876541449
-0.961535738  0.964195593
-0.910928594  1.051849738
-0.860321450  1.139503883
-0.809714306  1.227158028
-0.759107162  1.314812173
-0.708500018  1.402466318
-0.657892874  1.490120463
-0.607285730  1.577774608
-0.556678585  1.665428752
-0.506071441  1.753082897
-0.455464297  1.840737042
-0.404857153  1.928391187
-0.354250009  2.016045332
-0.303642865  2.103699477
-0.253035721  2.191353622
-0.202428577  2.279007766
-0.151821432  2.366661911
-0.101214288  2.454316056
-0.050607144  2.541970201
-2.176107198 -1.314812173
-2.125500054 -1.227158028
-2.074892909 -1.139503883
-2.024285765 -1.051849738
-1.973678621 -0.964195593
-1.923071477 -0.876541449
-1.872464333 -0.788887304
-1.821857189 -0.701233159
-1.771250045 -0.613579014
-1.720642900 -0.525924869
-1.670035756 -0.438270724
-1.619428612 -0.350616579
-1.568821468 -0.262962435
-1.518214324 -0.175308290
-1.467607180 -0.087654145
-1.417000036  0.000000000
-1.366392892  0.087654145
-1.315785747  0.175308290
-1.265178603  0.262962435
-1.214571459  0.350616579
-1.163964315  0.438270724
-1.113357171  0.525924869
-1.062750027  0.613579014
-1.012142883  0.701233159
-0.961535738  0.788887304
-0.910928594  0.876541449
-0.860321450  0.964195593
-0.809714306  1.051849738
-0.759107162  1.139503883
-0.708500018  1.227158028
-0.657892874  1.314812173
-0.607285730  1.402466318
-0.556678585  1.490120463
-0.506071441  1.577774608
-0.455464297  1.665428752
-0.404857153  1.753082897
-0.354250009  1.840737042
-0.303642865  1.928391187
-0.253035721  2.016045332
-0.202428577  2.103699477
-0.151821432  2.191353622
-0.101214288  2.279007766
-0.050607144  2.366661911
 0.000000000  2.454316056
 0.050607144  2.541970201
-2.125500054 -1.402466318
-2.074892909 -1.314812173
-2.024285765 -1.227158028
-1.973678621 -1.139503883
-1.923071477 -1.051849738
-1.872464333 -0.964195593
-1.821857189 -0.876541449
-1.771250045 -0.788887304
-1.720642900 -0.701233159
-1.670035756 -0.613579014
-1.619428612 -0.525924869
-1.568821468 -0.438270724
-1.518214324 -0.350616579
-1.467607180 -0.262962435
-1.417000036 -0.175308290
-1.366392892 -0.087654145
-1.315785747  0.000000000
-1.265178603  0.087654145
-1.214571459  0.175308290
-1.163964315  0.262962435
-1.113357171  0.350616579
-1.062750027  0.438270724
-1.012142883  0.525924869
-0.961535738  0.613579014
-0.910928594  0.701233159
-0.860321450  0.788887304
-0.809714306  0.876541449
-0.759107162  0.964195593
-0.708500018  1.051849738
-0.657892874  1.139503883
-0.607285730  1.227158028
-0.556678585  1.314812173
-0.506071441  1.402466318
-0.455464297  1.490120463
-0.404857153  1.577774608
-0.354250009  1.665428752
-0.303642865  1.753082897
-0.253035721  1.840737042
-0.202428577  1.928391187
-0.151821432  2.016045332
-0.101214288  2.103699477
-0.050607144  2.191353622
 0.000000000  2.279007766
 0.050607144  2.366661911
 0.101214288  2.454316056
 0.151821432  2.541970201
-2.024285765 -1.402466318
-1.973678621 -1.314812173
-1.923071477 -1.227158028
-1.872464333 -1.139503883
-1.821857189 -1.051849738
-1.771250045 -0.964195593
-1.720642900 -0.876541449
-1.670035756 -0.788887304
-1.619428612 -0.701233159
-1.568821468 -0.613579014
-1.518214324 -0.525924869
-1.467607180 -0.438270724
-1.417000036 -0.350616579
-1.366392892 -0.262962435
-1.315785747 -0.175308290
-1.265178603 -0.087654145
-1.214571459  0.000000000
-1.163964315  0.087654145
-1.113357171  0.175308290
-1.062750027  0.262962435
-1.012142883  0.350616579
-0.961535738  0.438270724
-0.910928594  0.525924869
-0.860321450  0.613579014
-0.809714306  0.701233159
-0.759107162  0.788887304
-0.708500018  0.876541449
-0.657892874  0.964195593
-0.607285730  1.051849738
-0.556678585  1.139503883
-0.506071441  1.227158028
-0.455464297  1.314812173
-0.404857153  1.402466318
-0.354250009  1.490120463
-0.303642865  1.577774608
-0.253035721  1.665428752
-0.202428577  1.753082897
-0.151821432  1.840737042
-0.101214288  1.928391187
-0.050607144  2.016045332
 0.000000000  2.103699477
 0.050607144  2.191353622
 0.101214288  2.279007766
 0.151821432  2.366661911
 0.202428577  2.454316056
-1.973678621 -1.490120463
-1.923071477 -1.402466318
-1.872464333 -1.314812173
-1.821857189 -1.227158028
-1.771250045 -1.139503883
-1.720642900 -1.051849738
-1.670035756 -0.964195593
-1.619428612 -0.876541449
-1.568821468 -0.788887304
-1.518214324 -0.701233159
-1.467607180 -0.613579014
-1.417000036 -0.525924869
-1.366392892 -0.438270724
-1.315785747 -0.350616579
-1.265178603 -0.262962435
-1.214571459 -0.175308290
-1.163964315 -0.087654145
-1.113357171  0.000000000
-1.062750027  0.087654145
-1.012142883  0.175308290
-0.961535738  0.262962435
-0.910928594  0.350616579
-0.860321450  0.438270724
-0.809714306  0.525924869
-0.759107162  0.613579014
-0.708500018  0.701233159
-0.657892874  0.788887304
-0.607285730  0.876541449
-0.556678585  0.964195593
-0.506071441  1.051849738
-0.455464297  1.139503883
-0.404857153  1.227158028
-0.354250009  1.314812173
-0.303642865  1.402466318
-0.253035721  1.490120463
-0.202428577  1.577774608
-0.151821432  1.665428752
-0.101214288  1.753082897
-0.050607144  1.840737042
 0.000000000  1.928391187
 0.050607144  2.016045332
 0.101214288  2.103699477
 0.151821432  2.191353622
 0.202428577  2.279007766
 0.253035721  2.366661911
 0.303642865  2.454316056
-1.923071477 -1.577774608
-1.872464333 -1.490120463
-1.821857189 -1.402466318
-1.771250045 -1.314812173
-1.720642900 -1.227158028
-1.670035756 -1.139503883
-1.619428612 -1.051849738
-1.568821468 -0.964195593
-1.518214324 -0.876541449
-1.467607180 -0.788887304
-1.417000036 -0.701233159
-1.366392892 -0.613579014
-1.315785747 -0.525924869
-1.265178603 -0.438270724
-1.214571459 -0.350616579
-1.163964315 -0.262962435
-1.113357171 -0.175308290
-1.062750027 -0.087654145
-1.012142883  0.000000000
-0.961535738  0.087654145
-0.556678585  0.788887304
-0.506071441  0.876541449
-0.455464297  0.964195593
-0.404857153  1.051849738
-0.354250009  1.139503883
-0.303642865  1.227158028
-0.253035721  1.314812173
-0.202428577  1.402466318
-0.151821432  1.490120463
-0.101214288  1.577774608
-0.050607144  1.665428752
 0.000000000  1.753082897
 0.050607144  1.840737042
 0.101214288  1.928391187
 0.151821432  2.016045332
 0.202428577  2.103699477
 0.253035721  2.191353622
 0.303642865  2.279007766
 0.354250009  2.366661911
 0.404857153  2.454316056
-1.872464333 -1.665428752
-1.821857189 -1.577774608
-1.771250045 -1.490120463
-1.720642900 -1.402466318
-1.670035756 -1.314812173
-1.619428612 -1.227158028
-1.568821468 -1.139503883
-1.518214324 -1.051849738
-1.467607180 -0.964195593
-1.417000036 -0.876541449
-1.366392892 -0.788887304
-1.315785747 -0.701233159
-1.265178603 -0.613579014
-1.214571459 -0.525924869
-1.163964315 -0.438270724
-1.113357171 -0.350616579
-1.062750027 -0.262962435
-1.012142883 -0.175308290
-0.961535738 -0.087654145
-0.404857153  0.876541449
-0.354250009  0.964195593
-0.303642865  1.051849738
-0.253035721  1.139503883
-0.202428577  1.227158028
-0.151821432  1.314812173
-0.101214288  1.402466318
-0.050607144  1.490120463
 0.000000000  1.577774608
 0.050607144  1.665428752
 0.101214288  1.753082897
 0.151821432  1.840737042
 0.202428577  1.928391187
 0.253035721  2.016045332
 0.303642865  2.103699477
 0.354250009  2.191353622
 0.404857153  2.279007766
 0.455464297  2.366661911
 0.506071441  2.454316056
-1.821857189 -1.753082897
-1.771250045 -1.665428752
-1.720642900 -1.577774608
-1.670035756 -1.490120463
-1.619428612 -1.402466318
-1.568821468 -1.314812173
-1.518214324 -1.227158028
-1.467607180 -1.139503883
-1.417000036 -1.051849738
-1.366392892 -0.964195593
-1.315785747 -0.876541449
-1.265178603 -0.788887304
-1.214571459 -0.701233159
-1.163964315 -0.613579014
-1.113357171 -0.525924869
-1.062750027 -0.438270724
-1.012142883 -0.350616579
-0.961535738 -0.262962435
-0.253035721  0.964195593
-0.202428577  1.051849738
-0.151821432  1.139503883
-0.101214288  1.227158028
-0.050607144  1.314812173
 0.000000000  1.402466318
 0.050607144  1.490120463
 0.101214288  1.577774608
 0.151821432  1.665428752
 0.202428577  1.753082897
 0.253035721  1.840737042
 0.303642865  1.928391187
 0.354250009  2.016045332
 0.404857153  2.103699477
 0.455464297  2.191353622
 0.506071441  2.279007766
 0.556678585  2.366661911
 0.607285730  2.454316056
-1.720642900 -1.753082897
-1.670035756 -1.665428752
-1.619428612 -1.577774608
-1.568821468 -1.490120463
-1.518214324 -1.402466318
-1.467607180 -1.314812173
-1.417000036 -1.227158028
-1.366392892 -1.139503883
-1.315785747 -1.051849738
-1.265178603 -0.964195593
-1.214571459 -0.876541449
-1.163964315 -0.788887304
-1.113357171 -0.701233159
-1.062750027 -0.613579014
-1.012142883 -0.525924869
-0.961535738 -0.438270724
-0.910928594 -0.350616579
-0.151821432  0.964195593
-0.101214288  1.051849738
-0.050607144  1.139503883
 0.000000000  1.227158028
 0.050607144  1.314812173
 0.101214288  1.402466318
 0.151821432  1.490120463
 0.202428577  1.577774608
 0.253035721  1.665428752
 0.303642865  1.753082897
 0.354250009  1.840737042
 0.404857153  1.928391187
 0.455464297  2.016045332
 0.506071441  2.103699477
 0.556678585  2.191353622
 0.607285730  2.279007766
 0.657892874  2.366661911
-1.670035756 -1.840737042
-1.619428612 -1.753082897
-1.568821468 -1.665428752
-1.518214324 -1.577774608
-1.467607180 -1.490120463
-1.417000036 -1.402466318
-1.366392892 -1.314812173
-1.315785747 -1.227158028
-1.265178603 -1.139503883
-1.214571459 -1.051849738
-1.163964315 -0.964195593
-1.113357171 -0.876541449
-1.062750027 -0.788887304
-1.012142883 -0.701233159
-0.961535738 -0.613579014
-0.910928594 -0.525924869
-0.860321450 -0.438270724
-0.050607144  0.964195593
 0.000000000  1.051849738
 0.050607144  1.139503883
 0.101214288  1.227158028
 0.151821432  1.314812173
 0.202428577  1.402466318
 0.253035721  1.490120463
 0.303642865  1.577774608
 0.354250009  1.665428752
 0.404857153  1.753082897
 0.455464297  1.840737042
 0.506071441  1.928391187
 0.556678585  2.016045332
 0.607285730  2.103699477
 0.657892874  2.191353622
 0.708500018  2.279007766
 0.759107162  2.366661911
-1.619428612 -1.928391187
-1.568821468 -1.840737042
-1.518214324 -1.753082897
-1.467607180 -1.665428752
-1.417000036 -1.577774608
-1.366392892 -1.490120463
-1.315785747 -1.402466318
-1.265178603 -1.314812173
-1.214571459 -1.227158028
-1.163964315 -1.139503883
-1.113357171 -1.051849738
-1.062750027 -0.964195593
-1.012142883 -0.876541449
-0.961535738 -0.788887304
-0.910928594 -0.701233159
-0.860321450 -0.613579014
-0.809714306 -0.525924869
 0.050607144  0.964195593
 0.101214288  1.051849738
 0.151821432  1.139503883
 0.202428577  1.227158028
 0.253035721  1.314812173
 0.303642865  1.402466318
 0.354250009  1.490120463
 0.404857153  1.577774608
 0.455464297  1.665428752
 0.506071441  1.753082897
 0.556678585  1.840737042
 0.607285730  1.928391187
 0.657892874  2.016045332
 0.708500018  2.103699477
 0.759107162  2.191353622
 0.809714306  2.279007766
 0.860321450  2.366661911
-1.518214324 -1.928391187
-1.467607180 -1.840737042
-1.417000036 -1.753082897
-1.366392892 -1.665428752
-1.315785747 -1.577774608
-1.265178603 -1.490120463
-1.214571459 -1.402466318
-1.163964315 -1.314812173
-1.113357171 -1.227158028
-1.062750027 -1.139503883
-1.012142883 -1.051849738
-0.961535738 -0.964195593
-0.910928594 -0.876541449
-0.860321450 -0.788887304
-0.809714306 -0.701233159
-0.759107162 -0.613579014
 0.151821432  0.964195593
 0.202428577  1.051849738
 0.253035721  1.139503883
 0.303642865  1.227158028
 0.354250009  1.314812173
 0.404857153  1.402466318
 0.455464297  1.490120463
 0.506071441  1.577774608
 0.556678585  1.665428752
 0.607285730  1.753082897
 0.657892874  1.840737042
 0.708500018  1.928391187
 0.759107162  2.016045332
 0.809714306  2.103699477
 0.860321450  2.191353622
 0.910928594  2.279007766
-1.467607180 -2.016045332
-1.417000036 -1.928391187
-1.366392892 -1.840737042
-1.315785747 -1.753082897
-1.265178603 -1.665428752
-1.214571459 -1.577774608
-1.163964315 -1.490120463
-1.113357171 -1.402466318
-1.062750027 -1.314812173
-1.012142883 -1.227158028
-0.961535738 -1.139503883
-0.910928594 -1.051849738
-0.860321450 -0.964195593
-0.809714306 -0.876541449
-0.759107162 -0.788887304
-0.708500018 -0.701233159
 0.253035721  0.964195593
 0.303642865  1.051849738
 0.354250009  1.139503883
 0.404857153  1.227158028
 0.455464297  1.314812173
 0.506071441  1.402466318
 0.556678585  1.490120463
 0.607285730  1.577774608
 0.657892874  1.665428752
 0.708500018  1.753082897
 0.759107162  1.840737042
 0.809714306  1.928391187
 0.860321450  2.016045332
 0.910928594  2.103699477
 0.961535738  2.191353622
 1.012142883  2.279007766
-1.417000036 -2.103699477
-1.366392892 -2.016045332
-1.315785747 -1.928391187
-1.265178603 -1.840737042
-1.214571459 -1.753082897
-1.163964315 -1.665428752
-1.113357171 -1.577774608
-1.062750027 -1.490120463
-1.012142883 -1.402466318
-0.961535738 -1.314812173
-0.910928594 -1.227158028
-0.860321450 -1.139503883
-0.809714306 -1.051849738
-0.759107162 -0.964195593
-0.708500018 -0.876541449
-0.657892874 -0.788887304
 0.354250009  0.964195593
 0.404857153  1.051849738
 0.455464297  1.139503883
 0.506071441  1.227158028
 0.556678585  1.314812173
 0.607285730  1.402466318
 0.657892874  1.490120463
 0.708500018  1.577774608
 0.759107162  1.665428752
 0.809714306  1.753082897
 0.860321450  1.840737042
 0.910928594  1.928391187
 0.961535738  2.016045332
 1.012142883  2.103699477
 1.062750027  2.191353622
 1.113357171  2.279007766
-1.315785747 -2.103699477
-1.265178603 -2.016045332
-1.214571459 -1.928391187
-1.163964315 -1.840737042
-1.113357171 -1.753082897
-1.062750027 -1.665428752
-1.012142883 -1.577774608
-0.961535738 -1.490120463
-0.910928594 -1.402466318
-0.860321450 -1.314812173
-0.809714306 -1.227158028
-0.759107162 -1.139503883
-0.708500018 -1.051849738
-0.657892874 -0.964195593
-0.607285730 -0.876541449
-0.556678585 -0.788887304
 0.404857153  0.876541449
 0.455464297  0.964195593
 0.506071441  1.051849738
 0.556678585  1.139503883
 0.607285730  1.227158028
 0.657892874  1.314812173
 0.708500018  1.402466318
 0.759107162  1.490120463
 0.809714306  1.577774608
 0.860321450  1.665428752
 0.910928594  1.753082897
 0.961535738  1.840737042
 1.012142883  1.928391187
 1.062750027  2.016045332
 1.113357171  2.103699477
 1.163964315  2.191353622
-1.265178603 -2.191353622
-1.214571459 -2.103699477
-1.163964315 -2.016045332
-1.113357171 -1.928391187
-1.062750027 -1.840737042
-1.012142883 -1.753082897
-0.961535738 -1.665428752
-0.910928594 -1.577774608
-0.860321450 -1.490120463
-0.809714306 -1.402466318
-0.759107162 -1.314812173
-0.708500018 -1.227158028
-0.657892874 -1.139503883
-0.607285730 -1.051849738
-0.556678585 -0.964195593
-0.506071441 -0.876541449
 0.506071441  0.876541449
 0.556678585  0.964195593
 0.607285730  1.051849738
 0.657892874  1.139503883
 0.708500018  1.227158028
 0.759107162  1.314812173
 0.809714306  1.402466318
 0.860321450  1.490120463
 0.910928594  1.577774608
 0.961535738  1.665428752
 1.012142883  1.753082897
 1.062750027  1.840737042
 1.113357171  1.928391187
 1.163964315  2.016045332
 1.214571459  2.103699477
 1.265178603  2.191353622
-1.163964315 -2.191353622
-1.113357171 -2.103699477
-1.062750027 -2.016045332
-1.012142883 -1.928391187
-0.961535738 -1.840737042
-0.910928594 -1.753082897
-0.860321450 -1.665428752
-0.809714306 -1.577774608
-0.759107162 -1.490120463
-0.708500018 -1.402466318
-0.657892874 -1.314812173
-0.607285730 -1.227158028
-0.556678585 -1.139503883
-0.506071441 -1.051849738
-0.455464297 -0.964195593
-0.404857153 -0.876541449
 0.556678585  0.788887304
 0.607285730  0.876541449
 0.657892874  0.964195593
 0.708500018  1.051849738
 0.759107162  1.139503883
 0.809714306  1.227158028
 0.860321450  1.314812173
 0.910928594  1.402466318
 0.961535738  1.490120463
 1.012142883  1.577774608
 1.062750027  1.665428752
 1.113357171  1.753082897
 1.163964315  1.840737042
 1.214571459  1.928391187
 1.265178603  2.016045332
 1.315785747  2.103699477
-1.113357171 -2.279007766
-1.062750027 -2.191353622
-1.012142883 -2.103699477
-0.961535738 -2.016045332
-0.910928594 -1.928391187
-0.860321450 -1.840737042
-0.809714306 -1.753082897
-0.759107162 -1.665428752
-0.708500018 -1.577774608
-0.657892874 -1.490120463
-0.607285730 -1.402466318
-0.556678585 -1.314812173
-0.506071441 -1.227158028
-0.455464297 -1.139503883
-0.404857153 -1.051849738
-0.354250009 -0.964195593
 0.657892874  0.788887304
 0.708500018  0.876541449
 0.759107162  0.964195593
 0.809714306  1.051849738
 0.860321450  1.139503883
 0.910928594  1.227158028
 0.961535738  1.314812173
 1.012142883  1.402466318
 1.062750027  1.490120463
 1.113357171  1.577774608
 1.163964315  1.665428752
 1.214571459  1.753082897
 1.265178603  1.840737042
 1.315785747  1.928391187
 1.366392892  2.016045332
 1.417000036  2.103699477
-1.012142883 -2.279007766
-0.961535738 -2.191353622
-0.910928594 -2.103699477
-0.860321450 -2.016045332
-0.809714306 -1.928391187
-0.759107162 -1.840737042
-0.708500018 -1.753082897
-0.657892874 -1.665428752
-0.607285730 -1.577774608
-0.556678585 -1.490120463
-0.506071441 -1.402466318
-0.455464297 -1.314812173
-0.404857153 -1.227158028
-0.354250009 -1.139503883
-0.303642865 -1.051849738
-0.253035721 -0.964195593
 0.708500018  0.701233159
 0.759107162  0.788887304
 0.809714306  0.876541449
 0.860321450  0.964195593
 0.910928594  1.051849738
 0.961535738  1.139503883
 1.012142883  1.227158028
 1.062750027  1.314812173
 1.113357171  1.402466318
 1.163964315  1.490120463
 1.214571459  1.577774608
 1.265178603  1.665428752
 1.315785747  1.753082897
 1.366392892  1.840737042
 1.417000036  1.928391187
 1.467607180  2.016045332
-0.910928594 -2.279007766
-0.860321450 -2.191353622
-0.809714306 -2.103699477
-0.759107162 -2.016045332
-0.708500018 -1.928391187
-0.657892874 -1.840737042
-0.607285730 -1.753082897
-0.556678585 -1.665428752
-0.506071441 -1.577774608
-0.455464297 -1.490120463
-0.404857153 -1.402466318
-0.354250009 -1.314812173
-0.303642865 -1.227158028
-0.253035721 -1.139503883
-0.202428577 -1.051849738
-0.151821432 -0.964195593
 0.759107162  0.613579014
 0.809714306  0.701233159
 0.860321450  0.788887304
 0.910928594  0.876541449
 0.961535738  0.964195593
 1.012142883  1.051849738
 1.062750027  1.139503883
 1.113357171  1.227158028
 1.163964315  1.314812173
 1.214571459  1.402466318
 1.265178603  1.490120463
 1.315785747  1.577774608
 1.366392892  1.665428752
 1.417000036  1.753082897
 1.467607180  1.840737042
 1.518214324  1.928391187
-0.860321450 -2.366661911
-0.809714306 -2.279007766
-0.759107162 -2.191353622
-0.708500018 -2.103699477
-0.657892874 -2.016045332
-0.607285730 -1.928391187
-0.556678585 -1.840737042
-0.506071441 -1.753082897
-0.455464297 -1.665428752
-0.404857153 -1.577774608
-0.354250009 -1.490120463
-0.303642865 -1.402466318
-0.253035721 -1.314812173
-0.202428577 -1.227158028
-0.151821432 -1.139503883
-0.101214288 -1.051849738
-0.050607144 -0.964195593
 0.809714306  0.525924869
 0.860321450  0.613579014
 0.910928594  0.701233159
 0.961535738  0.788887304
 1.012142883  0.876541449
 1.062750027  0.964195593
 1.113357171  1.051849738
 1.163964315  1.139503883
 1.214571459  1.227158028
 1.265178603  1.314812173
 1.315785747  1.402466318
 1.366392892  1.490120463
 1.417000036  1.577774608
 1.467607180  1.665428752
 1.518214324  1.753082897
 1.568821468  1.840737042
 1.619428612  1.928391187
-0.759107162 -2.366661911
-0.708500018 -2.279007766
-0.657892874 -2.191353622
-0.607285730 -2.103699477
-0.556678585 -2.016045332
-0.506071441 -1.928391187
-0.455464297 -1.840737042
-0.404857153 -1.753082897
-0.354250009 -1.665428752
-0.303642865 -1.577774608
-0.253035721 -1.490120463
-0.202428577 -1.402466318
-0.151821432 -1.314812173
-0.101214288 -1.227158028
-0.050607144 -1.139503883
 0.000000000 -1.051849738
 0.050607144 -0.964195593
 0.860321450  0.438270724
 0.910928594  0.525924869
 0.961535738  0.613579014
 1.012142883  0.701233159
 1.062750027  0.788887304
 1.113357171  0.876541449
 1.163964315  0.964195593
 1.214571459  1.051849738
 1.265178603  1.139503883
 1.315785747  1.227158028
 1.366392892  1.314812173
 1.417000036  1.402466318
 1.467607180  1.490120463
 1.518214324  1.577774608
 1.568821468  1.665428752
 1.619428612  1.753082897
 1.670035756  1.840737042
-0.657892874 -2.366661911
-0.607285730 -2.279007766
-0.556678585 -2.191353622
-0.506071441 -2.103699477
-0.455464297 -2.016045332
-0.404857153 -1.928391187
-0.354250009 -1.840737042
-0.303642865 -1.753082897
-0.253035721 -1.665428752
-0.202428577 -1.577774608
-0.151821432 -1.490120463
-0.101214288 -1.402466318
-0.050607144 -1.314812173
 0.000000000 -1.227158028
 0.050607144 -1.139503883
 0.101214288 -1.051849738
 0.151821432 -0.964195593
 0.910928594  0.350616579
 0.961535738  0.438270724
 1.012142883  0.525924869
 1.062750027  0.613579014
 1.113357171  0.701233159
 1.163964315  0.788887304
 1.214571459  0.876541449
 1.265178603  0.964195593
 1.315785747  1.051849738
 1.366392892  1.139503883
 1.417000036  1.227158028
 1.467607180  1.314812173
 1.518214324  1.402466318
 1.568821468  1.490120463
 1.619428612  1.577774608
 1.670035756  1.665428752
 1.720642900  1.753082897
-0.607285730 -2.454316056
-0.556678585 -2.366661911
-0.506071441 -2.279007766
-0.455464297 -2.191353622
-0.404857153 -2.103699477
-0.354250009 -2.016045332
-0.303642865 -1.928391187
-0.253035721 -1.840737042
-0.202428577 -1.753082897
-0.151821432 -1.665428752
-0.101214288 -1.577774608
-0.050607144 -1.490120463
 0.000000000 -1.402466318
 0.050607144 -1.314812173
 0.101214288 -1.227158028
 0.151821432 -1.139503883
 0.202428577 -1.051849738
 0.253035721 -0.964195593
 0.961535738  0.262962435
 1.012142883  0.350616579
 1.062750027  0.438270724
 1.113357171  0.525924869
 1.163964315  0.613579014
 1.214571459  0.701233159
 1.265178603  0.788887304
 1.315785747  0.876541449
 1.366392892  0.964195593
 1.417000036  1.051849738
 1.467607180  1.139503883
 1.518214324  1.227158028
 1.568821468  1.314812173
 1.619428612  1.402466318
 1.670035756  1.490120463
 1.720642900  1.577774608
 1.771250045  1.665428752
 1.821857189  1.753082897
-0.506071441 -2.454316056
-0.455464297 -2.366661911
-0.404857153 -2.279007766
-0.354250009 -2.191353622
-0.303642865 -2.103699477
-0.253035721 -2.016045332
-0.202428577 -1.928391187
-0.151821432 -1.840737042
-0.101214288 -1.753082897
-0.050607144 -1.665428752
 0.000000000 -1.577774608
 0.050607144 -1.490120463
 0.101214288 -1.402466318
 0.151821432 -1.314812173
 0.202428577 -1.227158028
 0.253035721 -1.139503883
 0.303642865 -1.051849738
 0.354250009 -0.964195593
 0.404857153 -0.876541449
 0.961535738  0.087654145
 1.012142883  0.175308290
 1.062750027  0.262962435
 1.113357171  0.350616579
 1.163964315  0.438270724
 1.214571459  0.525924869
 1.265178603  0.613579014
 1.315785747  0.701233159
 1.366392892  0.788887304
 1.417000036  0.876541449
 1.467607180  0.964195593
 1.518214324  1.051849738
 1.568821468  1.139503883
 1.619428612  1.227158028
 1.670035756  1.314812173
 1.720642900  1.402466318
 1.771250045  1.490120463
 1.821857189  1.577774608
 1.872464333  1.665428752
-0.404857153 -2.454316056
-0.354250009 -2.366661911
-0.303642865 -2.279007766
-0.253035721 -2.191353622
-0.202428577 -2.103699477
-0.151821432 -2.016045332
-0.101214288 -1.928391187
-0.050607144 -1.840737042
 0.000000000 -1.753082897
 0.050607144 -1.665428752
 0.101214288 -1.577774608
 0.151821432 -1.490120463
 0.202428577 -1.402466318
 0.253035721 -1.314812173
 0.303642865 -1.227158028
 0.354250009 -1.139503883
 0.404857153 -1.051849738
 0.455464297 -0.964195593
 0.506071441 -0.876541449
 0.556678585 -0.788887304
 0.961535738 -0.087654145
 1.012142883  0.000000000
 1.062750027  0.087654145
 1.113357171  0.175308290
 1.163964315  0.262962435
 1.214571459  0.350616579
 1.265178603  0.438270724
 1.315785747  0.525924869
 1.366392892  0.613579014
 1.417000036  0.701233159
 1.467607180  0.788887304
 1.518214324  0.876541449
 1.568821468  0.964195593
 1.619428612  1.051849738
 1.670035756  1.139503883
 1.720642900  1.227158028
 1.771250045  1.314812173
 1.821857189  1.402466318
 1.872464333  1.490120463
 1.923071477  1.577774608
-0.303642865 -2.454316056
-0.253035721 -2.366661911
-0.202428577 -2.279007766
-0.151821432 -2.191353622
-0.101214288 -2.103699477
-0.050607144 -2.016045332
 0.000000000 -1.928391187
 0.050607144 -1.840737042
 0.101214288 -1.753082897
 0.151821432 -1.665428752
 0.202428577 -1.577774608
 0.253035721 -1.490120463
 0.303642865 -1.402466318
 0.354250009 -1.314812173
 0.404857153 -1.227158028
 0.455464297 -1.139503883
 0.506071441 -1.051849738
 0.556678585 -0.964195593
 0.607285730 -0.876541449
 0.657892874 -0.788887304
 0.708500018 -0.701233159
 0.759107162 -0.613579014
 0.809714306 -0.525924869
 0.860321450 -0.438270724
 0.910928594 -0.350616579
 0.961535738 -0.262962435
 1.012142883 -0.175308290
 1.062750027 -0.087654145
 1.113357171  0.000000000
 1.163964315  0.087654145
 1.214571459  0.175308290
 1.265178603  0.262962435
 1.315785747  0.350616579
 1.366392892  0.438270724
 1.417000036  0.525924869
 1.467607180  0.613579014
 1.518214324  0.701233159
 1.568821468  0.788887304
 1.619428612  0.876541449
 1.670035756  0.964195593
 1.720642900  1.051849738
 1.771250045  1.139503883
 1.821857189  1.227158028
 1.872464333  1.314812173
 1.923071477  1.402466318
 1.973678621  1.490120463
-0.202428577 -2.454316056
-0.151821432 -2.366661911
-0.101214288 -2.279007766
-0.050607144 -2.191353622
 0.000000000 -2.103699477
 0.050607144 -2.016045332
 0.101214288 -1.928391187
 0.151821432 -1.840737042
 0.202428577 -1.753082897
 0.253035721 -1.665428752
 0.303642865 -1.577774608
 0.354250009 -1.490120463
 0.404857153 -1.402466318
 0.455464297 -1.314812173
 0.506071441 -1.227158028
 0.556678585 -1.139503883
 0.607285730 -1.051849738
 0.657892874 -0.964195593
 0.708500018 -0.876541449
 0.759107162 -0.788887304
 0.809714306 -0.701233159
 0.860321450 -0.613579014
 0.910928594 -0.525924869
 0.961535738 -0.438270724
 1.012142883 -0.350616579
 1.062750027 -0.262962435
 1.113357171 -0.175308290
 1.163964315 -0.087654145
 1.214571459  0.000000000
 1.265178603  0.087654145
 1.315785747  0.175308290
 1.366392892  0.262962435
 1.417000036  0.350616579
 1.467607180  0.438270724
 1.518214324  0.525924869
 1.568821468  0.613579014
 1.619428612  0.701233159
 1.670035756  0.788887304
 1.720642900  0.876541449
 1.771250045  0.964195593
 1.821857189  1.051849738
 1.872464333  1.139503883
 1.923071477  1.227158028
 1.973678621  1.314812173
 2.024285765  1.402466318
-0.151821432 -2.541970201
-0.101214288 -2.454316056
-0.050607144 -2.366661911
 0.000000000 -2.279007766
 0.050607144 -2.191353622
 0.101214288 -2.103699477
 0.151821432 -2.016045332
 0.202428577 -1.928391187
 0.253035721 -1.840737042
 0.303642865 -1.753082897
 0.354250009 -1.665428752
 0.404857153 -1.577774608
 0.455464297 -1.490120463
 0.506071441 -1.402466318
 0.556678585 -1.314812173
 0.607285730 -1.227158028
 0.657892874 -1.139503883
 0.708500018 -1.051849738
 0.759107162 -0.964195593
 0.809714306 -0.876541449
 0.860321450 -0.788887304
 0.910928594 -0.701233159
 0.961535738 -0.613579014
 1.012142883 -0.525924869
 1.062750027 -0.438270724
 1.113357171 -0.350616579
 1.163964315 -0.262962435
 1.214571459 -0.175308290
 1.265178603 -0.087654145
 1.315785747  0.000000000
 1.366392892  0.087654145
 1.417000036  0.175308290
 1.467607180  0.262962435
 1.518214324  0.350616579
 1.568821468  0.438270724
 1.619428612  0.525924869
 1.670035756  0.613579014
 1.720642900  0.701233159
 1.771250045  0.788887304
 1.821857189  0.876541449
 1.872464333  0.964195593
 1.923071477  1.051849738
 1.973678621  1.139503883
 2.024285765  1.227158028
 2.074892909  1.314812173
 2.125500054  1.402466318
-0.050607144 -2.541970201
 0.000000000 -2.454316056
 0.050607144 -2.366661911
 0.101214288 -2.279007766
 0.151821432 -2.191353622
 0.202428577 -2.103699477
 0.253035721 -2.016045332
 0.303642865 -1.928391187
 0.354250009 -1.840737042
 0.404857153 -1.753082897
 0.455464297 -1.665428752
 0.506071441 -1.577774608
 0.556678585 -1.490120463
 0.607285730 -1.402466318
 0.657892874 -1.314812173
 0.708500018 -1.227158028
 0.759107162 -1.139503883
 0.809714306 -1.051849738
 0.860321450 -0.964195593
 0.910928594 -0.876541449
 0.961535738 -0.788887304
 1.012142883 -0.701233159
 1.062750027 -0.613579014
 1.113357171 -0.525924869
 1.163964315 -0.438270724
 1.214571459 -0.350616579
 1.265178603 -0.262962435
 1.315785747 -0.175308290
 1.366392892 -0.087654145
 1.417000036  0.000000000
 1.467607180  0.087654145
 1.518214324  0.175308290
 1.568821468  0.262962435
 1.619428612  0.350616579
 1.670035756  0.438270724
 1.720642900  0.525924869
 1.771250045  0.613579014
 1.821857189  0.701233159
 1.872464333  0.788887304
 1.923071477  0.876541449
 1.973678621  0.964195593
 2.024285765  1.051849738
 2.074892909  1.139503883
 2.125500054  1.227158028
 2.176107198  1.314812173
 0.050607144 -2.541970201
 0.101214288 -2.454316056
 0.151821432 -2.366661911
 0.202428577 -2.279007766
 0.253035721 -2.191353622
 0.303642865 -2.103699477
 0.354250009 -2.016045332
 0.404857153 -1.928391187
 0.455464297 -1.840737042
 0.506071441 -1.753082897
 0.556678585 -1.665428752
 0.607285730 -1.577774608
 0.657892874 -1.490120463
 0.708500018 -1.402466318
 0.759107162 -1.314812173
 0.809714306 -1.227158028
 0.860321450 -1.139503883
 0.910928594 -1.051849738
 0.961535738 -0.964195593
 1.012142883 -0.876541449
 1.062750027 -0.788887304
 1.113357171 -0.701233159
 1.163964315 -0.613579014
 1.214571459 -0.525924869
 1.265178603 -0.438270724
 1.315785747 -0.350616579
 1.366392892 -0.262962435
 1.417000036 -0.175308290
 1.467607180 -0.087654145
 1.518214324  0.000000000
 1.568821468  0.087654145
 1.619428612  0.175308290
 1.670035756  0.262962435
 1.720642900  0.350616579
 1.771250045  0.438270724
 1.821857189  0.525924869
 1.872464333  0.613579014
 1.923071477  0.701233159
 1.973678621  0.788887304
 2.024285765  0.876541449
 2.074892909  0.964195593
 2.125500054  1.051849738
 2.176107198  1.139503883
 2.226714342  1.227158028
 0.151821432 -2.541970201
 0.202428577 -2.454316056
 0.253035721 -2.366661911
 0.303642865 -2.279007766
 0.354250009 -2.191353622
 0.404857153 -2.103699477
 0.455464297 -2.016045332
 0.506071441 -1.928391187
 0.556678585 -1.840737042
 0.607285730 -1.753082897
 0.657892874 -1.665428752
 0.708500018 -1.577774608
 0.759107162 -1.490120463
 0.809714306 -1.402466318
 0.860321450 -1.314812173
 0.910928594 -1.227158028
 0.961535738 -1.139503883
 1.012142883 -1.051849738
 1.062750027 -0.964195593
 1.113357171 -0.876541449
 1.163964315 -0.788887304
 1.214571459 -0.701233159
 1.265178603 -0.613579014
 1.315785747 -0.525924869
 1.366392892 -0.438270724
 1.417000036 -0.350616579
 1.467607180 -0.262962435
 1.518214324 -0.175308290
 1.568821468 -0.087654145
 1.619428612  0.000000000
 1.670035756  0.087654145
 1.720642900  0.175308290
 1.771250045  0.262962435
 1.821857189  0.350616579
 1.872464333  0.438270724
 1.923071477  0.525924869
 1.973678621  0.613579014
 2.024285765  0.701233159
 2.074892909  0.788887304
 2.125500054  0.876541449
 2.176107198  0.964195593
 2.226714342  1.051849738
 2.277321486  1.139503883
 0.303642865 -2.454316056
 0.354250009 -2.366661911
 0.404857153 -2.279007766
 0.455464297 -2.191353622
 0.506071441 -2.103699477
 0.556678585 -2.016045332
 0.607285730 -1.928391187
 0.657892874 -1.840737042
 0.708500018 -1.753082897
 0.759107162 -1.665428752
 0.809714306 -1.577774608
 0.860321450 -1.490120463
 0.910928594 -1.402466318
 0.961535738 -1.314812173
 1.012142883 -1.227158028
 1.062750027 -1.139503883
 1.113357171 -1.051849738
 1.163964315 -0.964195593
 1.214571459 -0.876541449
 1.265178603 -0.788887304
 1.315785747 -0.701233159
 1.366392892 -0.613579014
 1.417000036 -0.525924869
 1.467607180 -0.438270724
 1.518214324 -0.350616579
 1.568821468 -0.262962435
 1.619428612 -0.175308290
 1.670035756 -0.087654145
 1.720642900  0.000000000
 1.771250045  0.087654145
 1.821857189  0.175308290
 1.872464333  0.262962435
 1.923071477  0.350616579
 1.973678621  0.438270724
 2.024285765  0.525924869
 2.074892909  0.613579014
 2.125500054  0.701233159
 2.176107198  0.788887304
 2.226714342  0.876541449
 2.277321486  0.964195593
 0.404857153 -2.454316056
 0.455464297 -2.366661911
 0.506071441 -2.279007766
 0.556678585 -2.191353622
 0.607285730 -2.103699477
 0.657892874 -2.016045332
 0.708500018 -1.928391187
 0.759107162 -1.840737042
 0.809714306 -1.753082897
 0.860321450 -1.665428752
 0.910928594 -1.577774608
 0.961535738 -1.490120463
 1.012142883 -1.402466318
 1.062750027 -1.314812173
 1.113357171 -1.227158028
 1.163964315 -1.139503883
 1.214571459 -1.051849738
 1.265178603 -0.964195593
 1.315785747 -0.876541449
 1.366392892 -0.788887304
 1.417000036 -0.701233159
 1.467607180 -0.613579014
 1.518214324 -0.525924869
 1.568821468 -0.438270724
 1.619428612 -0.350616579
 1.670035756 -0.262962435
 1.720642900 -0.175308290
 1.771250045 -0.087654145
 1.821857189  0.000000000
 1.872464333  0.087654145
 1.923071477  0.175308290
 1.973678621  0.262962435
 2.024285765  0.350616579
 2.074892909  0.438270724
 2.125500054  0.525924869
 2.176107198  0.613579014
 2.226714342  0.701233159
 2.277321486  0.788887304
 2.327928630  0.876541449
 0.506071441 -2.454316056
 0.556678585 -2.366661911
 0.607285730 -2.279007766
 0.657892874 -2.191353622
 0.708500018 -2.103699477
 0.759107162 -2.016045332
 0.809714306 -1.928391187
 0.860321450 -1.840737042
 0.910928594 -1.753082897
 0.961535738 -1.665428752
 1.012142883 -1.577774608
 1.062750027 -1.490120463
 1.113357171 -1.402466318
 1.163964315 -1.314812173
 1.214571459 -1.227158028
 1.265178603 -1.139503883
 1.315785747 -1.051849738
 1.366392892 -0.964195593
 1.417000036 -0.876541449
 1.467607180 -0.788887304
 1.518214324 -0.701233159
 1.568821468 -0.613579014
 1.619428612 -0.525924869
 1.670035756 -0.438270724
 1.720642900 -0.350616579
 1.771250045 -0.262962435
 1.821857189 -0.175308290
 1.872464333 -0.087654145
 1.923071477  0.000000000
 1.973678621  0.087654145
 2.024285765  0.175308290
 2.074892909  0.262962435
 2.125500054  0.350616579
 2.176107198  0.438270724
 2.226714342  0.525924869
 2.277321486  0.613579014
 2.327928630  0.701233159
 2.378535774  0.788887304
 0.607285730 -2.454316056
 0.657892874 -2.366661911
 0.708500018 -2.279007766
 0.759107162 -2.191353622
 0.809714306 -2.103699477
 0.860321450 -2.016045332
 0.910928594 -1.928391187
 0.961535738 -1.840737042
 1.012142883 -1.753082897
 1.062750027 -1.665428752
 1.113357171 -1.577774608
 1.163964315 -1.490120463
 1.214571459 -1.402466318
 1.265178603 -1.314812173
 1.315785747 -1.227158028
 1.366392892 -1.139503883
 1.417000036 -1.051849738
 1.467607180 -0.964195593
 1.518214324 -0.876541449
 1.568821468 -0.788887304
 1.619428612 -0.701233159
 1.670035756 -0.613579014
 1.720642900 -0.525924869
 1.771250045 -0.438270724
 1.821857189 -0.350616579
 1.872464333 -0.262962435
 1.923071477 -0.175308290
 1.973678621 -0.087654145
 2.024285765  0.000000000
 2.074892909  0.087654145
 2.125500054  0.175308290
 2.176107198  0.262962435
 2.226714342  0.350616579
 2.277321486  0.438270724
 2.327928630  0.525924869
 2.378535774  0.613579014
 2.429142918  0.701233159
 0.759107162 -2.366661911
 0.809714306 -2.279007766
 0.860321450 -2.191353622
 0.910928594 -2.103699477
 0.961535738 -2.016045332
 1.012142883 -1.928391187
 1.062750027 -1.840737042
 1.113357171 -1.753082897
 1.163964315 -1.665428752
 1.214571459 -1.577774608
 1.265178603 -1.490120463
 1.315785747 -1.402466318
 1.366392892 -1.314812173
 1.417000036 -1.227158028
 1.467607180 -1.139503883
 1.518214324 -1.051849738
 1.568821468 -0.964195593
 1.619428612 -0.876541449
 1.670035756 -0.788887304
 1.720642900 -0.701233159
 1.771250045 -0.613579014
 1.821857189 -0.525924869
 1.872464333 -0.438270724
 1.923071477 -0.350616579
 1.973678621 -0.262962435
 2.024285765 -0.175308290
 2.074892909 -0.087654145
 2.125500054  0.000000000
 2.176107198  0.087654145
 2.226714342  0.175308290
 2.277321486  0.262962435
 2.327928630  0.350616579
 2.378535774  0.438270724
 2.429142918  0.525924869
 0.860321450 -2.366661911
 0.910928594 -2.279007766
 0.961535738 -2.191353622
 1.012142883 -2.103699477
 1.062750027 -2.016045332
 1.113357171 -1.928391187
 1.163964315 -1.840737042
 1.214571459 -1.753082897
 1.265178603 -1.665428752
 1.315785747 -1.577774608
 1.366392892 -1.490120463
 1.417000036 -1.402466318
 1.467607180 -1.314812173
 1.518214324 -1.227158028
 1.568821468 -1.139503883
 1.619428612 -1.051849738
 1.670035756 -0.964195593
 1.720642900 -0.876541449
 1.771250045 -0.788887304
 1.821857189 -0.701233159
 1.872464333 -0.613579014
 1.923071477 -0.525924869
 1.973678621 -0.438270724
 2.024285765 -0.350616579
 2.074892909 -0.262962435
 2.125500054 -0.175308290
 2.176107198 -0.087654145
 2.226714342  0.000000000
 2.277321486  0.087654145
 2.327928630  0.175308290
 2.378535774  0.262962435
 2.429142918  0.350616579
 2.479750062  0.438270724
 1.012142883 -2.279007766
 1.062750027 -2.191353622
 1.113357171 -2.103699477
 1.163964315 -2.016045332
 1.214571459 -1.928391187
 1.265178603 -1.840737042
 1.315785747 -1.753082897
 1.366392892 -1.665428752
 1.417000036 -1.577774608
 1.467607180 -1.490120463
 1.518214324 -1.402466318
 1.568821468 -1.314812173
 1.619428612 -1.227158028
 1.670035756 -1.139503883
 1.720642900 -1.051849738
 1.771250045 -0.964195593
 1.821857189 -0.876541449
 1.872464333 -0.788887304
 1.923071477 -0.701233159
 1.973678621 -0.613579014
 2.024285765 -0.525924869
 2.074892909 -0.438270724
 2.125500054 -0.350616579
 2.176107198 -0.262962435
 2.226714342 -0.175308290
 2.277321486 -0.087654145
 2.327928630  0.000000000
 2.378535774  0.087654145
 2.429142918  0.175308290
 2.479750062  0.262962435
 1.113357171 -2.279007766
 1.163964315 -2.191353622
 1.214571459 -2.103699477
 1.265178603 -2.016045332
 1.315785747 -1.928391187
 1.366392892 -1.840737042
 1.417000036 -1.753082897
 1.467607180 -1.665428752
 1.518214324 -1.577774608
 1.568821468 -1.490120463
 1.619428612 -1.402466318
 1.670035756 -1.314812173
 1.720642900 -1.227158028
 1.771250045 -1.139503883
 1.821857189 -1.051849738
 1.872464333 -0.964195593
 1.923071477 -0.876541449
 1.973678621 -0.788887304
 2.024285765 -0.701233159
 2.074892909 -0.613579014
 2.125500054 -0.525924869
 2.176107198 -0.438270724
 2.226714342 -0.350616579
 2.277321486 -0.262962435
 2.327928630 -0.175308290
 2.378535774 -0.087654145
 2.429142918  0.000000000
 2.479750062  0.087654145
 2.530357207  0.175308290
 1.265178603 -2.191353622
 1.315785747 -2.103699477
 1.366392892 -2.016045332
 1.417000036 -1.928391187
 1.467607180 -1.840737042
 1.518214324 -1.753082897
 1.568821468 -1.665428752
 1.619428612 -1.577774608
 1.670035756 -1.490120463
 1.720642900 -1.402466318
 1.771250045 -1.314812173
 1.821857189 -1.227158028
 1.872464333 -1.139503883
 1.923071477 -1.051849738
 1.973678621 -0.964195593
 2.024285765 -0.876541449
 2.074892909 -0.788887304
 2.125500054 -0.701233159
 2.176107198 -0.613579014
 2.226714342 -0.525924869
 2.277321486 -0.438270724
 2.327928630 -0.350616579
 2.378535774 -0.262962435
 2.429142918 -0.175308290
 2.479750062 -0.087654145
 2.530357207  0.000000000
 1.417000036 -2.103699477
 1.467607180 -2.016045332
 1.518214324 -1.928391187
 1.568821468 -1.840737042
 1.619428612 -1.753082897
 1.670035756 -1.665428752
 1.720642900 -1.577774608
 1.771250045 -1.490120463
 1.821857189 -1.402466318
 1.872464333 -1.314812173
 1.923071477 -1.227158028
 1.973678621 -1.139503883
 2.024285765 -1.051849738
 2.074892909 -0.964195593
 2.125500054 -0.876541449
 2.176107198 -0.788887304
 2.226714342 -0.701233159
 2.277321486 -0.613579014
 2.327928630 -0.525924869
 2.378535774 -0.438270724
 2.429142918 -0.350616579
 2.479750062 -0.262962435
 2.530357207 -0.175308290
 1.619428612 -1.928391187
 1.670035756 -1.840737042
 1.720642900 -1.753082897
 1.771250045 -1.665428752
 1.821857189 -1.577774608
 1.872464333 -1.490120463
 1.923071477 -1.402466318
 1.973678621 -1.314812173
 2.024285765 -1.227158028
 2.074892909 -1.139503883
 2.125500054 -1.051849738
 2.176107198 -0.964195593
 2.226714342 -0.876541449
 2.277321486 -0.788887304
 2.327928630 -0.701233159
 2.378535774 -0.613579014
 2.429142918 -0.525924869
 2.479750062 -0.438270724
 1.821857189 -1.753082897
 1.872464333 -1.665428752
 1.923071477 -1.577774608
 1.973678621 -1.490120463
 2.024285765 -1.402466318
 2.074892909 -1.314812173
 2.125500054 -1.227158028
 2.176107198 -1.139503883
 2.226714342 -1.051849738
 2.277321486 -0.964195593
 2.327928630 -0.876541449
 2.378535774 -0.788887304
 2.429142918 -0.701233159
 2.125500054 -1.402466318
 2.176107198 -1.314812173
 2.226714342 -1.227158028
 2.277321486 -1.139503883
